99, 00000, 79, 47, 49, 7
53, 000010, 79, 47, 49, 7, 39
0, 0000110, 79, 47, 49, 7, 39, 50
94, 0000111, 79, 47, 49, 7, 39, 50
28, 000100, 79, 47, 49, 7, 60
75, 0001010, 79, 47, 49, 7, 60, 18
76, 0001011, 79, 47, 49, 7, 60, 18
15, 000110, 79, 47, 49, 7, 60
97, 000111, 79, 47, 49, 7, 60
80, 001, 79, 47
46, 010000, 79, 47, 72, 27, 30
51, 010001, 79, 47, 72, 27, 30
98, 01001, 79, 47, 72, 27
65, 0101, 79, 47, 72
27, 011000, 79, 47, 72, 58, 69
62, 011001, 79, 47, 72, 58, 69
87, 01101, 79, 47, 72, 58
20, 01110, 79, 47, 72, 58
66, 01111, 79, 47, 72, 58
90, 10000, 79, 15, 56, 34
35, 1000100, 79, 15, 56, 34, 67, 12
88, 1000101, 79, 15, 56, 34, 67, 12
1, 100011000, 79, 15, 56, 34, 67, 12, 54, 53
89, 100011001, 79, 15, 56, 34, 67, 12, 54, 53
72, 1000110100, 79, 15, 56, 34, 67, 12, 54, 53, 16
2, 10001101010, 79, 15, 56, 34, 67, 12, 54, 53, 16, 32
8, 100011010110, 79, 15, 56, 34, 67, 12, 54, 53, 16, 32, 29
67, 100011010111, 79, 15, 56, 34, 67, 12, 54, 53, 16, 32, 29
92, 100011011, 79, 15, 56, 34, 67, 12, 54, 53
9, 10001110, 79, 15, 56, 34, 67, 12, 54
43, 10001111, 79, 15, 56, 34, 67, 12, 54
58, 1001000, 79, 15, 56, 34, 36, 80
81, 1001001, 79, 15, 56, 34, 36, 80
22, 10010100, 79, 15, 56, 34, 36, 80, 85
21, 1001010100, 79, 15, 56, 34, 36, 80, 85, 91, 65
7, 100101010100, 79, 15, 56, 34, 36, 80, 85, 91, 65, 66, 75
19, 100101010101, 79, 15, 56, 34, 36, 80, 85, 91, 65, 66, 75
4, 100101010110, 79, 15, 56, 34, 36, 80, 85, 91, 65, 66, 75
14, 100101010111, 79, 15, 56, 34, 36, 80, 85, 91, 65, 66, 75
49, 100101011, 79, 15, 56, 34, 36, 80, 85, 91
5, 1001011, 79, 15, 56, 34, 36, 80
24, 1001100, 79, 15, 56, 34, 36, 35
23, 10011010, 79, 15, 56, 34, 36, 35, 6
25, 10011011, 79, 15, 56, 34, 36, 35, 6
96, 100111, 79, 15, 56, 34, 36
42, 10100000, 79, 15, 56, 1, 8, 17, 44
56, 10100001, 79, 15, 56, 1, 8, 17, 44
79, 10100010, 79, 15, 56, 1, 8, 17, 44
84, 10100011, 79, 15, 56, 1, 8, 17, 44
31, 1010010, 79, 15, 56, 1, 8, 17
3, 10100110, 79, 15, 56, 1, 8, 17, 74
64, 10100111, 79, 15, 56, 1, 8, 17, 74
48, 101010, 79, 15, 56, 1, 8
13, 101011000, 79, 15, 56, 1, 8, 45, 10, 88
47, 101011001, 79, 15, 56, 1, 8, 45, 10, 88
18, 10101101, 79, 15, 56, 1, 8, 45, 10
95, 1010111, 79, 15, 56, 1, 8, 45
6, 1011000, 79, 15, 56, 1, 31, 97
36, 1011001, 79, 15, 56, 1, 31, 97
26, 101101, 79, 15, 56, 1, 31
10, 101110, 79, 15, 56, 1, 31
11, 101111, 79, 15, 56, 1, 31
70, 110000, 79, 15, 2, 4, 11
91, 110001, 79, 15, 2, 4, 11
78, 110010, 79, 15, 2, 4, 11
30, 1100110, 79, 15, 2, 4, 11, 40
33, 1100111, 79, 15, 2, 4, 11, 40
41, 1101000, 79, 15, 2, 4, 51, 82
68, 1101001, 79, 15, 2, 4, 51, 82
39, 1101010, 79, 15, 2, 4, 51, 82
16, 110101100, 79, 15, 2, 4, 51, 82, 37, 46
34, 1101011010, 79, 15, 2, 4, 51, 82, 37, 46, 99
57, 1101011011, 79, 15, 2, 4, 51, 82, 37, 46, 99
50, 110101110, 79, 15, 2, 4, 51, 82, 37, 46
38, 11010111100, 79, 15, 2, 4, 51, 82, 37, 46, 87, 21
29, 110101111010, 79, 15, 2, 4, 51, 82, 37, 46, 87, 21, 5
60, 110101111011, 79, 15, 2, 4, 51, 82, 37, 46, 87, 21, 5
17, 1101011111, 79, 15, 2, 4, 51, 82, 37, 46, 87
37, 1101100, 79, 15, 2, 4, 51, 25
93, 1101101, 79, 15, 2, 4, 51, 25
52, 110111, 79, 15, 2, 4, 51
77, 11100000000, 79, 15, 2, 68, 81, 70, 48, 9, 3, 0
82, 11100000001, 79, 15, 2, 68, 81, 70, 48, 9, 3, 0
73, 1110000001, 79, 15, 2, 68, 81, 70, 48, 9, 3
40, 11100000100, 79, 15, 2, 68, 81, 70, 48, 9, 3, 96
59, 11100000101, 79, 15, 2, 68, 81, 70, 48, 9, 3, 96
85, 1110000011, 79, 15, 2, 68, 81, 70, 48, 9, 3
12, 111000010, 79, 15, 2, 68, 81, 70, 48, 9
55, 111000011, 79, 15, 2, 68, 81, 70, 48, 9
32, 111000100, 79, 15, 2, 68, 81, 70, 48, 59
86, 111000101, 79, 15, 2, 68, 81, 70, 48, 59
83, 11100011, 79, 15, 2, 68, 81, 70, 48
100, 111001, 79, 15, 2, 68, 81
63, 11101, 79, 15, 2, 68
44, 111100, 79, 15, 2, 68, 38
45, 1111010, 79, 15, 2, 68, 38, 28
61, 1111011, 79, 15, 2, 68, 38, 28
54, 11111000, 79, 15, 2, 68, 38, 93, 55
69, 11111001, 79, 15, 2, 68, 38, 93, 55
74, 1111101, 79, 15, 2, 68, 38, 93
71, 111111, 79, 15, 2, 68, 38
