53, 000000, 75, 48, 52, 12, 43
68, 000001, 75, 48, 52, 12, 43
65, 00001, 75, 48, 52, 12
15, 00010, 75, 48, 52, 12
27, 0001100, 75, 48, 52, 12, 58, 85
62, 0001101, 75, 48, 52, 12, 58, 85
0, 0001110, 75, 48, 52, 12, 58, 85
99, 0001111, 75, 48, 52, 12, 58, 85
98, 001000, 75, 48, 52, 7, 31
97, 0010010, 75, 48, 52, 7, 31, 5
33, 00100110, 75, 48, 52, 7, 31, 5, 50
55, 00100111, 75, 48, 52, 7, 31, 5, 50
73, 00101000, 75, 48, 52, 7, 31, 89, 97
82, 00101001, 75, 48, 52, 7, 31, 89, 97
63, 00101010, 75, 48, 52, 7, 31, 89, 97
77, 00101011, 75, 48, 52, 7, 31, 89, 97
40, 0010110, 75, 48, 52, 7, 31, 89
59, 0010111, 75, 48, 52, 7, 31, 89
46, 00110, 75, 48, 52, 7
52, 00111, 75, 48, 52, 7
39, 0100, 75, 48, 69
66, 0101000, 75, 48, 69, 28, 95, 4
83, 0101001, 75, 48, 69, 28, 95, 4
44, 0101010, 75, 48, 69, 28, 95, 4
51, 0101011, 75, 48, 69, 28, 95, 4
75, 01011000, 75, 48, 69, 28, 95, 45, 22
76, 01011001, 75, 48, 69, 28, 95, 45, 22
87, 01011010, 75, 48, 69, 28, 95, 45, 22
94, 01011011, 75, 48, 69, 28, 95, 45, 22
20, 010111, 75, 48, 69, 28, 95
28, 0110, 75, 48, 69
80, 0111, 75, 48, 69
70, 1000, 75, 19, 55
78, 1001000, 75, 19, 55, 39, 41, 76
86, 1001001, 75, 19, 55, 39, 41, 76
32, 1001010, 75, 19, 55, 39, 41, 76
45, 1001011, 75, 19, 55, 39, 41, 76
37, 10011, 75, 19, 55, 39
34, 101000, 75, 19, 55, 2, 14
57, 101001, 75, 19, 55, 2, 14
30, 101010, 75, 19, 55, 2, 14
16, 1010110, 75, 19, 55, 2, 14, 46
29, 1010111, 75, 19, 55, 2, 14, 46
93, 101100, 75, 19, 55, 2, 32
95, 101101, 75, 19, 55, 2, 32
60, 1011100, 75, 19, 55, 2, 32, 27
38, 10111010, 75, 19, 55, 2, 32, 27, 3
41, 10111011, 75, 19, 55, 2, 32, 27, 3
50, 101111, 75, 19, 55, 2, 32
49, 1100, 75, 19, 6
58, 1101, 75, 19, 6
54, 1110000, 75, 19, 6, 67, 77, 68
69, 1110001, 75, 19, 6, 67, 77, 68
84, 111001, 75, 19, 6, 67, 77
42, 1110100, 75, 19, 6, 67, 77, 44
74, 1110101, 75, 19, 6, 67, 77, 44
56, 1110110, 75, 19, 6, 67, 77, 44
85, 1110111, 75, 19, 6, 67, 77, 44
92, 1111000, 75, 19, 6, 67, 42, 29
8, 1111001000, 75, 19, 6, 67, 42, 29, 82, 96, 65
72, 1111001001, 75, 19, 6, 67, 42, 29, 82, 96, 65
67, 111100101, 75, 19, 6, 67, 42, 29, 82, 96
1, 1111001100, 75, 19, 6, 67, 42, 29, 82, 96, 84
89, 1111001101, 75, 19, 6, 67, 42, 29, 82, 96, 84
2, 111100111, 75, 19, 6, 67, 42, 29, 82, 96
26, 11110100, 75, 19, 6, 67, 42, 29, 88
100, 11110101, 75, 19, 6, 67, 42, 29, 88
31, 1111011000000, 75, 19, 6, 67, 42, 29, 88, 10, 21, 51, 53, 23
61, 1111011000001, 75, 19, 6, 67, 42, 29, 88, 10, 21, 51, 53, 23
3, 1111011000010, 75, 19, 6, 67, 42, 29, 88, 10, 21, 51, 53, 23
64, 1111011000011, 75, 19, 6, 67, 42, 29, 88, 10, 21, 51, 53, 23
6, 11110110001, 75, 19, 6, 67, 42, 29, 88, 10, 21, 51
36, 1111011001, 75, 19, 6, 67, 42, 29, 88, 10, 21
71, 11110110100, 75, 19, 6, 67, 42, 29, 88, 10, 21, 62
79, 11110110101, 75, 19, 6, 67, 42, 29, 88, 10, 21, 62
13, 1111011011000, 75, 19, 6, 67, 42, 29, 88, 10, 21, 62, 37, 34
47, 1111011011001, 75, 19, 6, 67, 42, 29, 88, 10, 21, 62, 37, 34
18, 111101101101, 75, 19, 6, 67, 42, 29, 88, 10, 21, 62, 37
17, 11110110111, 75, 19, 6, 67, 42, 29, 88, 10, 21, 62
88, 1111011100000, 75, 19, 6, 67, 42, 29, 88, 10, 79, 35, 33, 36
91, 1111011100001, 75, 19, 6, 67, 42, 29, 88, 10, 79, 35, 33, 36
35, 111101110001, 75, 19, 6, 67, 42, 29, 88, 10, 79, 35, 33
96, 11110111001, 75, 19, 6, 67, 42, 29, 88, 10, 79, 35
5, 11110111010, 75, 19, 6, 67, 42, 29, 88, 10, 79, 35
14, 11110111011, 75, 19, 6, 67, 42, 29, 88, 10, 79, 35
7, 1111011110000, 75, 19, 6, 67, 42, 29, 88, 10, 79, 73, 11, 72
19, 1111011110001, 75, 19, 6, 67, 42, 29, 88, 10, 79, 73, 11, 72
21, 111101111001, 75, 19, 6, 67, 42, 29, 88, 10, 79, 73, 11
81, 11110111101, 75, 19, 6, 67, 42, 29, 88, 10, 79, 73
25, 1111011111000, 75, 19, 6, 67, 42, 29, 88, 10, 79, 73, 61, 81
4, 11110111110010, 75, 19, 6, 67, 42, 29, 88, 10, 79, 73, 61, 81, 87
24, 11110111110011, 75, 19, 6, 67, 42, 29, 88, 10, 79, 73, 61, 81, 87
22, 1111011111010, 75, 19, 6, 67, 42, 29, 88, 10, 79, 73, 61, 81
23, 1111011111011, 75, 19, 6, 67, 42, 29, 88, 10, 79, 73, 61, 81
9, 111101111110, 75, 19, 6, 67, 42, 29, 88, 10, 79, 73, 61
43, 111101111111, 75, 19, 6, 67, 42, 29, 88, 10, 79, 73, 61
12, 1111100, 75, 19, 6, 67, 42, 93
48, 11111010, 75, 19, 6, 67, 42, 93, 54
10, 111110110, 75, 19, 6, 67, 42, 93, 54, 38
11, 111110111, 75, 19, 6, 67, 42, 93, 54, 38
90, 111111, 75, 19, 6, 67, 42
