65, 00000, 80, 53, 55, 9
68, 00001, 80, 53, 55, 9
52, 000100, 80, 53, 55, 9, 65
17, 0001010, 80, 53, 55, 9, 65, 22
53, 0001011, 80, 53, 55, 9, 65, 22
12, 000110000, 80, 53, 55, 9, 65, 92, 27, 25
33, 000110001, 80, 53, 55, 9, 65, 92, 27, 25
78, 0001100100, 80, 53, 55, 9, 65, 92, 27, 25, 68
73, 0001100101000, 80, 53, 55, 9, 65, 92, 27, 25, 68, 64, 85, 96
82, 0001100101001, 80, 53, 55, 9, 65, 92, 27, 25, 68, 64, 85, 96
59, 000110010101, 80, 53, 55, 9, 65, 92, 27, 25, 68, 64, 85
40, 00011001011, 80, 53, 55, 9, 65, 92, 27, 25, 68, 64
100, 000110011, 80, 53, 55, 9, 65, 92, 27, 25
37, 00011010, 80, 53, 55, 9, 65, 92, 27
50, 00011011, 80, 53, 55, 9, 65, 92, 27
63, 000111000, 80, 53, 55, 9, 65, 92, 62, 97
77, 000111001, 80, 53, 55, 9, 65, 92, 62, 97
97, 00011101, 80, 53, 55, 9, 65, 92, 62
93, 0001111, 80, 53, 55, 9, 65, 92
80, 0010, 80, 53, 55
46, 001100, 80, 53, 55, 7, 74
51, 001101, 80, 53, 55, 7, 74
39, 001110, 80, 53, 55, 7, 74
98, 001111, 80, 53, 55, 7, 74
28, 01000, 80, 53, 72, 32
55, 01001, 80, 53, 72, 32
75, 010100, 80, 53, 72, 32, 95
76, 010101, 80, 53, 72, 32, 95
44, 010110, 80, 53, 72, 32, 95
83, 010111, 80, 53, 72, 32, 95
66, 011000, 80, 53, 72, 63, 71
94, 011001, 80, 53, 72, 63, 71
0, 011010, 80, 53, 72, 63, 71
87, 011011, 80, 53, 72, 63, 71
27, 01110000, 80, 53, 72, 63, 94, 1, 43
99, 01110001, 80, 53, 72, 63, 94, 1, 43
62, 0111001, 80, 53, 72, 63, 94, 1
20, 011101, 80, 53, 72, 63, 94
15, 01111, 80, 53, 72, 63
89, 100000, 80, 19, 60, 39, 69
43, 1000010, 80, 19, 60, 39, 69, 36
67, 1000011, 80, 19, 60, 39, 69, 36
8, 1000100, 80, 19, 60, 39, 69, 16
10, 10001010, 80, 19, 60, 39, 69, 16, 76
11, 10001011, 80, 19, 60, 39, 69, 16, 76
72, 1000110, 80, 19, 60, 39, 69, 16
92, 100011100, 80, 19, 60, 39, 69, 16, 59, 18
1, 1000111010, 80, 19, 60, 39, 69, 16, 59, 18, 93
2, 1000111011, 80, 19, 60, 39, 69, 16, 59, 18, 93
90, 10001111, 80, 19, 60, 39, 69, 16, 59
22, 1001000, 80, 19, 60, 39, 42, 81
88, 1001001, 80, 19, 60, 39, 42, 81
26, 1001010, 80, 19, 60, 39, 42, 81
13, 100101100, 80, 19, 60, 39, 42, 81, 88, 89
48, 100101101, 80, 19, 60, 39, 42, 81, 88, 89
9, 100101110, 80, 19, 60, 39, 42, 81, 88, 89
35, 100101111, 80, 19, 60, 39, 42, 81, 88, 89
49, 100110, 80, 19, 60, 39, 42
5, 1001110, 80, 19, 60, 39, 42, 40
23, 10011110, 80, 19, 60, 39, 42, 40, 90
19, 100111110, 80, 19, 60, 39, 42, 40, 90, 58
4, 100111111000000, 80, 19, 60, 39, 42, 40, 90, 58, 26, 51, 54, 35, 31, 57
14, 100111111000001, 80, 19, 60, 39, 42, 40, 90, 58, 26, 51, 54, 35, 31, 57
7, 10011111100001, 80, 19, 60, 39, 42, 40, 90, 58, 26, 51, 54, 35, 31
25, 1001111110001, 80, 19, 60, 39, 42, 40, 90, 58, 26, 51, 54, 35
21, 100111111001, 80, 19, 60, 39, 42, 40, 90, 58, 26, 51, 54
24, 10011111101, 80, 19, 60, 39, 42, 40, 90, 58, 26, 51
96, 1001111111, 80, 19, 60, 39, 42, 40, 90, 58, 26
30, 1010000, 80, 19, 60, 3, 10, 21
79, 1010001, 80, 19, 60, 3, 10, 21
58, 1010010, 80, 19, 60, 3, 10, 21
81, 1010011, 80, 19, 60, 3, 10, 21
91, 101010, 80, 19, 60, 3, 10
70, 1010110, 80, 19, 60, 3, 10, 50
32, 101011100, 80, 19, 60, 3, 10, 50, 13, 37
45, 101011101, 80, 19, 60, 3, 10, 50, 13, 37
86, 10101111, 80, 19, 60, 3, 10, 50, 13
38, 1011000, 80, 19, 60, 3, 34, 98
41, 1011001, 80, 19, 60, 3, 34, 98
60, 101101, 80, 19, 60, 3, 34
34, 1011100, 80, 19, 60, 3, 34, 30
57, 1011101, 80, 19, 60, 3, 34, 30
16, 1011110, 80, 19, 60, 3, 34, 30
29, 1011111, 80, 19, 60, 3, 34, 30
69, 1100000, 80, 19, 6, 8, 14, 38
84, 1100001, 80, 19, 6, 8, 14, 38
56, 1100010, 80, 19, 6, 8, 14, 38
85, 1100011, 80, 19, 6, 8, 14, 38
42, 11001, 80, 19, 6, 8
71, 110100, 80, 19, 6, 8, 56
95, 110101, 80, 19, 6, 8, 56
54, 1101100, 80, 19, 6, 8, 56, 29
74, 1101101, 80, 19, 6, 8, 56, 29
18, 110111, 80, 19, 6, 8, 56
47, 11100, 80, 19, 6, 70
31, 111010, 80, 19, 6, 70, 82
61, 1110110, 80, 19, 6, 70, 82, 46
3, 11101110, 80, 19, 6, 70, 82, 46, 0
64, 11101111, 80, 19, 6, 70, 82, 46, 0
6, 11110, 80, 19, 6, 70
36, 11111, 80, 19, 6, 70
