77, 000, 83, 48
40, 0010, 83, 48, 51
82, 00110, 83, 48, 51, 7
59, 001110, 83, 48, 51, 7, 74
73, 001111, 83, 48, 51, 7, 74
23, 010000, 83, 48, 70, 25, 26
96, 010001, 83, 48, 70, 25, 26
88, 01001, 83, 48, 70, 25
19, 0101000, 83, 48, 70, 25, 97, 4
49, 0101001, 83, 48, 70, 25, 97, 4
58, 010101, 83, 48, 70, 25, 97
7, 01011000, 83, 48, 70, 25, 97, 43, 19
4, 010110010, 83, 48, 70, 25, 97, 43, 19, 88
24, 010110011, 83, 48, 70, 25, 97, 43, 19, 88
43, 01011010, 83, 48, 70, 25, 97, 43, 19
67, 01011011, 83, 48, 70, 25, 97, 43, 19
21, 010111000, 83, 48, 70, 25, 97, 43, 46, 91
5, 0101110010, 83, 48, 70, 25, 97, 43, 46, 91, 54
14, 01011100110, 83, 48, 70, 25, 97, 43, 46, 91, 54, 17
25, 01011100111, 83, 48, 70, 25, 97, 43, 46, 91, 54, 17
35, 010111010, 83, 48, 70, 25, 97, 43, 46, 91
9, 0101110110, 83, 48, 70, 25, 97, 43, 46, 91, 21
22, 0101110111, 83, 48, 70, 25, 97, 43, 46, 91, 21
81, 0101111, 83, 48, 70, 25, 97, 43
84, 01100000, 83, 48, 70, 58, 67, 99, 80
85, 01100001, 83, 48, 70, 58, 67, 99, 80
42, 01100010, 83, 48, 70, 58, 67, 99, 80
54, 011000110, 83, 48, 70, 58, 67, 99, 80, 57
74, 011000111, 83, 48, 70, 58, 67, 99, 80, 57
31, 01100100, 83, 48, 70, 58, 67, 99, 30
61, 01100101, 83, 48, 70, 58, 67, 99, 30
64, 0110011, 83, 48, 70, 58, 67, 99
56, 0110100, 83, 48, 70, 58, 67, 15
18, 01101010, 83, 48, 70, 58, 67, 15, 52
45, 01101011, 83, 48, 70, 58, 67, 15, 52
3, 0110110000, 83, 48, 70, 58, 67, 15, 22, 96, 62
6, 0110110001, 83, 48, 70, 58, 67, 15, 22, 96, 62
36, 011011001, 83, 48, 70, 58, 67, 15, 22, 96
13, 0110110100, 83, 48, 70, 58, 67, 15, 22, 96, 45
47, 0110110101, 83, 48, 70, 58, 67, 15, 22, 96, 45
48, 011011011, 83, 48, 70, 58, 67, 15, 22, 96
69, 0110111, 83, 48, 70, 58, 67, 15
12, 0111000, 83, 48, 70, 58, 93, 1
2, 01110010000, 83, 48, 70, 58, 93, 1, 35, 50, 13, 5
8, 01110010001, 83, 48, 70, 58, 93, 1, 35, 50, 13, 5
1, 011100100100, 83, 48, 70, 58, 93, 1, 35, 50, 13, 5, 49
89, 011100100101, 83, 48, 70, 58, 93, 1, 35, 50, 13, 5, 49
72, 01110010011, 83, 48, 70, 58, 93, 1, 35, 50, 13, 5
26, 011100101, 83, 48, 70, 58, 93, 1, 35, 50
100, 01110011, 83, 48, 70, 58, 93, 1, 35
92, 01110100, 83, 48, 70, 58, 93, 1, 16
10, 0111010100, 83, 48, 70, 58, 93, 1, 16, 38, 95
11, 0111010101, 83, 48, 70, 58, 93, 1, 16, 38, 95
90, 011101011, 83, 48, 70, 58, 93, 1, 16, 38
70, 0111011, 83, 48, 70, 58, 93, 1
30, 011110000, 83, 48, 70, 58, 93, 89, 18, 23
79, 011110001, 83, 48, 70, 58, 93, 89, 18, 23
34, 01111001000, 83, 48, 70, 58, 93, 89, 18, 23, 39, 0
57, 01111001001, 83, 48, 70, 58, 93, 89, 18, 23, 39, 0
16, 01111001010, 83, 48, 70, 58, 93, 89, 18, 23, 39, 0
29, 01111001011, 83, 48, 70, 58, 93, 89, 18, 23, 39, 0
95, 011110011, 83, 48, 70, 58, 93, 89, 18, 23
32, 01111010, 83, 48, 70, 58, 93, 89, 18
86, 01111011, 83, 48, 70, 58, 93, 89, 18
71, 0111110, 83, 48, 70, 58, 93, 89
38, 011111100, 83, 48, 70, 58, 93, 89, 68, 82
41, 011111101, 83, 48, 70, 58, 93, 89, 68, 82
60, 01111111, 83, 48, 70, 58, 93, 89, 68
98, 100, 83, 14
52, 1010, 83, 14, 56
46, 10110, 83, 14, 56, 3
87, 10111, 83, 14, 56, 3
63, 110000, 83, 14, 6, 9, 12
28, 1100010, 83, 14, 6, 9, 12, 31
97, 1100011, 83, 14, 6, 9, 12, 31
39, 110010, 83, 14, 6, 9, 12
37, 11001100, 83, 14, 6, 9, 12, 42, 20
50, 11001101, 83, 14, 6, 9, 12, 42, 20
55, 110011100, 83, 14, 6, 9, 12, 42, 20, 98
76, 110011101, 83, 14, 6, 9, 12, 42, 20, 98
93, 110011110, 83, 14, 6, 9, 12, 42, 20, 98
44, 11001111100, 83, 14, 6, 9, 12, 42, 20, 98, 40, 87
83, 11001111101, 83, 14, 6, 9, 12, 42, 20, 98, 40, 87
51, 1100111111, 83, 14, 6, 9, 12, 42, 20, 98, 40
33, 1101000, 83, 14, 6, 9, 53, 85
78, 1101001, 83, 14, 6, 9, 53, 85
17, 1101010, 83, 14, 6, 9, 53, 85
68, 1101011, 83, 14, 6, 9, 53, 85
65, 110110, 83, 14, 6, 9, 53
91, 110111, 83, 14, 6, 9, 53
53, 11100, 83, 14, 6, 66
0, 11101000, 83, 14, 6, 66, 84, 41, 92
94, 11101001, 83, 14, 6, 66, 84, 41, 92
80, 1110101, 83, 14, 6, 66, 84, 41
75, 111011, 83, 14, 6, 66, 84
66, 11110, 83, 14, 6, 66
99, 1111100, 83, 14, 6, 66, 37, 94
27, 11111010, 83, 14, 6, 66, 37, 94, 55
62, 11111011, 83, 14, 6, 66, 37, 94, 55
15, 1111110, 83, 14, 6, 66, 37, 94
20, 1111111, 83, 14, 6, 66, 37, 94
