27, 00000, 84, 54, 57, 12
62, 00001, 84, 54, 57, 12
87, 000100, 84, 54, 57, 12, 65
20, 00010100, 84, 54, 57, 12, 65, 25, 29
0, 000101010, 84, 54, 57, 12, 65, 25, 29, 23
66, 0001010110, 84, 54, 57, 12, 65, 25, 29, 23, 2
94, 0001010111, 84, 54, 57, 12, 65, 25, 29, 23, 2
68, 0001011, 84, 54, 57, 12, 65, 25
98, 00011, 84, 54, 57, 12
46, 0010000, 84, 54, 57, 10, 38, 5
77, 0010001, 84, 54, 57, 10, 38, 5
28, 0010010, 84, 54, 57, 10, 38, 5
97, 0010011, 84, 54, 57, 10, 38, 5
65, 001010, 84, 54, 57, 10, 38
52, 00101100, 84, 54, 57, 10, 38, 92, 27
63, 0010110100, 84, 54, 57, 10, 38, 92, 27, 80, 24
82, 0010110101, 84, 54, 57, 10, 38, 92, 27, 80, 24
12, 001011011, 84, 54, 57, 10, 38, 92, 27, 80
17, 001011100, 84, 54, 57, 10, 38, 92, 27, 81
53, 001011101, 84, 54, 57, 10, 38, 92, 27, 81
39, 00101111, 84, 54, 57, 10, 38, 92, 27
93, 00110, 84, 54, 57, 10
40, 0011100, 84, 54, 57, 10, 77, 46
78, 0011101, 84, 54, 57, 10, 77, 46
37, 001111, 84, 54, 57, 10, 77
15, 01000, 84, 54, 75, 35
99, 01001, 84, 54, 75, 35
51, 01010, 84, 54, 75, 35
44, 0101100, 84, 54, 75, 35, 98, 51
83, 0101101, 84, 54, 75, 35, 98, 51
75, 01011100, 84, 54, 75, 35, 98, 51, 53
76, 01011101, 84, 54, 75, 35, 98, 51, 53
55, 0101111, 84, 54, 75, 35, 98, 51
80, 0110, 84, 54, 75
33, 01110, 84, 54, 75, 64
59, 011110, 84, 54, 75, 64, 94
73, 011111, 84, 54, 75, 64, 94
32, 10000000, 84, 22, 62, 44, 69, 41, 96
45, 10000001, 84, 22, 62, 44, 69, 41, 96
86, 1000001, 84, 22, 62, 44, 69, 41
56, 100001, 84, 22, 62, 44, 69
13, 10001000, 84, 22, 62, 44, 69, 17, 78
47, 10001001, 84, 22, 62, 44, 69, 17, 78
18, 1000101, 84, 22, 62, 44, 69, 17
48, 1000110, 84, 22, 62, 44, 69, 17
70, 1000111, 84, 22, 62, 44, 69, 17
58, 1001000, 84, 22, 62, 44, 47, 85
81, 1001001, 84, 22, 62, 44, 47, 85
95, 100101, 84, 22, 62, 44, 47
54, 100110, 84, 22, 62, 44, 47
84, 100111, 84, 22, 62, 44, 47
42, 10100, 84, 22, 62, 3
74, 101010, 84, 22, 62, 3, 13
85, 101011, 84, 22, 62, 3, 13
31, 1011000, 84, 22, 62, 3, 40, 99
61, 1011001, 84, 22, 62, 3, 40, 99
64, 101101, 84, 22, 62, 3, 40
3, 10111000, 84, 22, 62, 3, 40, 32, 4
6, 10111001, 84, 22, 62, 3, 40, 32, 4
36, 1011101, 84, 22, 62, 3, 40, 32
69, 101111, 84, 22, 62, 3, 40
90, 1100, 84, 22, 8
11, 11010, 84, 22, 8, 11
71, 11011, 84, 22, 8, 11
10, 11100000, 84, 22, 8, 72, 87, 73, 55
92, 11100001, 84, 22, 8, 72, 87, 73, 55
88, 111000100, 84, 22, 8, 72, 87, 73, 55, 63
91, 111000101, 84, 22, 8, 72, 87, 73, 55, 63
35, 111000110, 84, 22, 8, 72, 87, 73, 55, 63
43, 111000111, 84, 22, 8, 72, 87, 73, 55, 63
8, 11100100000, 84, 22, 8, 72, 87, 73, 16, 58, 43, 97
72, 11100100001, 84, 22, 8, 72, 87, 73, 16, 58, 43, 97
9, 1110010001, 84, 22, 8, 72, 87, 73, 16, 58, 43
1, 111001001000, 84, 22, 8, 72, 87, 73, 16, 58, 43, 68, 79
2, 111001001001, 84, 22, 8, 72, 87, 73, 16, 58, 43, 68, 79
89, 11100100101, 84, 22, 8, 72, 87, 73, 16, 58, 43, 68
22, 1110010011, 84, 22, 8, 72, 87, 73, 16, 58, 43
26, 111001010, 84, 22, 8, 72, 87, 73, 16, 58
100, 111001011, 84, 22, 8, 72, 87, 73, 16, 58
67, 1110011, 84, 22, 8, 72, 87, 73
23, 111010, 84, 22, 8, 72, 87
19, 111011000, 84, 22, 8, 72, 87, 50, 1, 18
21, 111011001, 84, 22, 8, 72, 87, 50, 1, 18
5, 1110110100, 84, 22, 8, 72, 87, 50, 1, 18, 30
14, 111011010100, 84, 22, 8, 72, 87, 50, 1, 18, 30, 90, 28
7, 1110110101010, 84, 22, 8, 72, 87, 50, 1, 18, 30, 90, 28, 67
25, 1110110101011, 84, 22, 8, 72, 87, 50, 1, 18, 30, 90, 28, 67
4, 111011010110, 84, 22, 8, 72, 87, 50, 1, 18, 30, 90, 28
24, 111011010111, 84, 22, 8, 72, 87, 50, 1, 18, 30, 90, 28
96, 111011011, 84, 22, 8, 72, 87, 50, 1, 18
49, 1110111, 84, 22, 8, 72, 87, 50
79, 111100, 84, 22, 8, 72, 48
38, 11110100, 84, 22, 8, 72, 48, 36, 91
41, 11110101, 84, 22, 8, 72, 48, 36, 91
60, 1111011, 84, 22, 8, 72, 48, 36
30, 111110, 84, 22, 8, 72, 48
34, 11111100, 84, 22, 8, 72, 48, 95, 42
57, 11111101, 84, 22, 8, 72, 48, 95, 42
16, 111111100, 84, 22, 8, 72, 48, 95, 42, 9
29, 111111101, 84, 22, 8, 72, 48, 95, 42, 9
50, 11111111, 84, 22, 8, 72, 48, 95, 42
