78, 000000, 80, 55, 57, 10, 45
91, 000001, 80, 55, 57, 10, 45
33, 00001, 80, 55, 57, 10
37, 000100, 80, 55, 57, 10, 65
50, 000101, 80, 55, 57, 10, 65
38, 0001100, 80, 55, 57, 10, 65, 92
41, 0001101, 80, 55, 57, 10, 65, 92
65, 000111, 80, 55, 57, 10, 65
12, 00100, 80, 55, 57, 6
55, 00101, 80, 55, 57, 6
17, 00110000, 80, 55, 57, 6, 76, 13, 37
52, 001100010, 80, 55, 57, 6, 76, 13, 37, 64
53, 001100011, 80, 55, 57, 6, 76, 13, 37, 64
68, 0011001, 80, 55, 57, 6, 76, 13
100, 001101, 80, 55, 57, 6, 76
30, 001110, 80, 55, 57, 6, 76
93, 001111, 80, 55, 57, 6, 76
39, 010000, 80, 55, 72, 33, 36
28, 0100010, 80, 55, 72, 33, 36, 48
97, 0100011, 80, 55, 72, 33, 36, 48
46, 010010000, 80, 55, 72, 33, 36, 84, 18, 89
87, 010010001, 80, 55, 72, 33, 36, 84, 18, 89
98, 01001001, 80, 55, 72, 33, 36, 84, 18
44, 0100101, 80, 55, 72, 33, 36, 84
51, 01001100, 80, 55, 72, 33, 36, 84, 86
66, 01001101, 80, 55, 72, 33, 36, 84, 86
83, 0100111, 80, 55, 72, 33, 36, 84
40, 01010, 80, 55, 72, 33
59, 01011000, 80, 55, 72, 33, 97, 47, 25
73, 01011001, 80, 55, 72, 33, 97, 47, 25
82, 0101101, 80, 55, 72, 33, 97, 47
63, 0101110, 80, 55, 72, 33, 97, 47
77, 0101111, 80, 55, 72, 33, 97, 47
80, 0110, 80, 55, 72
0, 0111000, 80, 55, 72, 63, 95, 1
94, 0111001, 80, 55, 72, 63, 95, 1
76, 011101, 80, 55, 72, 63, 95
15, 0111100, 80, 55, 72, 63, 95, 90
20, 0111101, 80, 55, 72, 63, 95, 90
27, 011111000, 80, 55, 72, 63, 95, 90, 70, 54
62, 011111001, 80, 55, 72, 63, 95, 90, 70, 54
75, 01111101, 80, 55, 72, 63, 95, 90, 70
99, 0111111, 80, 55, 72, 63, 95, 90
42, 1000, 80, 21, 61
95, 1001, 80, 21, 61
56, 1010000, 80, 21, 61, 2, 11, 22
85, 1010001, 80, 21, 61, 2, 11, 22
69, 101001, 80, 21, 61, 2, 11
54, 101010, 80, 21, 61, 2, 11
74, 101011, 80, 21, 61, 2, 11
84, 10110, 80, 21, 61, 2
45, 101110, 80, 21, 61, 2, 38
57, 101111, 80, 21, 61, 2, 38
58, 11000, 80, 21, 4, 7
81, 11001, 80, 21, 4, 7
49, 1101, 80, 21, 4
23, 11100000, 80, 21, 4, 69, 82, 71, 56
25, 11100001, 80, 21, 4, 69, 82, 71, 56
96, 1110001, 80, 21, 4, 69, 82, 71
5, 1110010, 80, 21, 4, 69, 82, 71
14, 11100110, 80, 21, 4, 69, 82, 71, 17
21, 111001110, 80, 21, 4, 69, 82, 71, 17, 79
19, 11100111100, 80, 21, 4, 69, 82, 71, 17, 79, 91, 32
4, 111001111010, 80, 21, 4, 69, 82, 71, 17, 79, 91, 32, 99
7, 111001111011, 80, 21, 4, 69, 82, 71, 17, 79, 91, 32, 99
24, 1110011111, 80, 21, 4, 69, 82, 71, 17, 79, 91
67, 1110100, 80, 21, 4, 69, 82, 46
10, 111010100, 80, 21, 4, 69, 82, 46, 94, 78
11, 111010101, 80, 21, 4, 69, 82, 46, 94, 78
72, 11101011000, 80, 21, 4, 69, 82, 46, 94, 78, 67, 77
89, 11101011001, 80, 21, 4, 69, 82, 46, 94, 78, 67, 77
1, 1110101101000, 80, 21, 4, 69, 82, 46, 94, 78, 67, 77, 58, 28
2, 1110101101001, 80, 21, 4, 69, 82, 46, 94, 78, 67, 77, 58, 28
8, 111010110101, 80, 21, 4, 69, 82, 46, 94, 78, 67, 77, 58
92, 11101011011, 80, 21, 4, 69, 82, 46, 94, 78, 67, 77
9, 1110101110, 80, 21, 4, 69, 82, 46, 94, 78, 67
43, 1110101111, 80, 21, 4, 69, 82, 46, 94, 78, 67
22, 11101100, 80, 21, 4, 69, 82, 46, 0
88, 11101101, 80, 21, 4, 69, 82, 46, 0
35, 1110111, 80, 21, 4, 69, 82, 46
48, 1111000, 80, 21, 4, 69, 44, 34
70, 1111001, 80, 21, 4, 69, 44, 34
18, 11110100, 80, 21, 4, 69, 44, 34, 93
32, 11110101, 80, 21, 4, 69, 44, 34, 93
13, 11110110, 80, 21, 4, 69, 44, 34, 93
47, 11110111, 80, 21, 4, 69, 44, 34, 93
34, 1111100, 80, 21, 4, 69, 44, 96
16, 11111010, 80, 21, 4, 69, 44, 96, 60
29, 11111011, 80, 21, 4, 69, 44, 96, 60
60, 1111110, 80, 21, 4, 69, 44, 96
31, 1111111000, 80, 21, 4, 69, 44, 96, 40, 5, 3
61, 1111111001, 80, 21, 4, 69, 44, 96, 40, 5, 3
71, 1111111010, 80, 21, 4, 69, 44, 96, 40, 5, 3
79, 1111111011, 80, 21, 4, 69, 44, 96, 40, 5, 3
26, 11111111000, 80, 21, 4, 69, 44, 96, 40, 5, 66, 98
86, 11111111001, 80, 21, 4, 69, 44, 96, 40, 5, 66, 98
64, 11111111010, 80, 21, 4, 69, 44, 96, 40, 5, 66, 98
3, 1111111101100, 80, 21, 4, 69, 44, 96, 40, 5, 66, 98, 74, 15
6, 1111111101101, 80, 21, 4, 69, 44, 96, 40, 5, 66, 98, 74, 15
36, 111111110111, 80, 21, 4, 69, 44, 96, 40, 5, 66, 98, 74
90, 111111111, 80, 21, 4, 69, 44, 96, 40, 5
