65, 0000, 83, 52, 54
88, 000100, 83, 52, 54, 13, 63
91, 000101, 83, 52, 54, 13, 63
13, 0001100, 83, 52, 54, 13, 63, 91
48, 0001101, 83, 52, 54, 13, 63, 91
70, 000111, 83, 52, 54, 13, 63
89, 001000, 83, 52, 54, 9, 32
8, 0010010, 83, 52, 54, 9, 32, 6
72, 0010011, 83, 52, 54, 9, 32, 6
43, 001010, 83, 52, 54, 9, 32
67, 001011, 83, 52, 54, 9, 32
23, 00110000, 83, 52, 54, 9, 75, 16, 35
24, 00110001, 83, 52, 54, 9, 75, 16, 35
5, 00110010, 83, 52, 54, 9, 75, 16, 35
22, 001100110, 83, 52, 54, 9, 75, 16, 35, 11
4, 001100111000, 83, 52, 54, 9, 75, 16, 35, 11, 3, 76, 27
14, 001100111001, 83, 52, 54, 9, 75, 16, 35, 11, 3, 76, 27
7, 0011001110100, 83, 52, 54, 9, 75, 16, 35, 11, 3, 76, 27, 80
19, 0011001110101, 83, 52, 54, 9, 75, 16, 35, 11, 3, 76, 27, 80
25, 001100111011, 83, 52, 54, 9, 75, 16, 35, 11, 3, 76, 27
21, 0011001111, 83, 52, 54, 9, 75, 16, 35, 11, 3
90, 00110100, 83, 52, 54, 9, 75, 16, 45
10, 00110101000, 83, 52, 54, 9, 75, 16, 45, 18, 57, 68
11, 00110101001, 83, 52, 54, 9, 75, 16, 45, 18, 57, 68
92, 0011010101, 83, 52, 54, 9, 75, 16, 45, 18, 57
1, 001101011, 83, 52, 54, 9, 75, 16, 45, 18
35, 001101100, 83, 52, 54, 9, 75, 16, 45, 7
2, 0011011010, 83, 52, 54, 9, 75, 16, 45, 7, 33
9, 0011011011, 83, 52, 54, 9, 75, 16, 45, 7, 33
16, 0011011100, 83, 52, 54, 9, 75, 16, 45, 7, 62
29, 0011011101, 83, 52, 54, 9, 75, 16, 45, 7, 62
34, 0011011110, 83, 52, 54, 9, 75, 16, 45, 7, 62
57, 0011011111, 83, 52, 54, 9, 75, 16, 45, 7, 62
96, 00111, 83, 52, 54, 9
31, 0100000, 83, 52, 74, 31, 34, 48
61, 0100001, 83, 52, 74, 31, 34, 48
36, 0100010, 83, 52, 74, 31, 34, 48
64, 0100011, 83, 52, 74, 31, 34, 48
50, 0100100, 83, 52, 74, 31, 34, 86
41, 01001010, 83, 52, 74, 31, 34, 86, 19
60, 01001011, 83, 52, 74, 31, 34, 86, 19
68, 010011, 83, 52, 74, 31, 34
49, 01010, 83, 52, 74, 31
30, 01011000, 83, 52, 74, 31, 97, 46, 26
79, 01011001, 83, 52, 74, 31, 97, 46, 26
38, 0101101, 83, 52, 74, 31, 97, 46
37, 0101110, 83, 52, 74, 31, 97, 46
3, 010111100, 83, 52, 74, 31, 97, 46, 49, 93
47, 010111101, 83, 52, 74, 31, 97, 46, 49, 93
17, 01011111, 83, 52, 74, 31, 97, 46, 49
69, 01100000, 83, 52, 74, 60, 72, 99, 77
6, 011000010, 83, 52, 74, 60, 72, 99, 77, 65
56, 011000011, 83, 52, 74, 60, 72, 99, 77, 65
54, 01100010, 83, 52, 74, 60, 72, 99, 77
74, 01100011, 83, 52, 74, 60, 72, 99, 77
18, 0110010, 83, 52, 74, 60, 72, 99
45, 0110011, 83, 52, 74, 60, 72, 99
84, 01101, 83, 52, 74, 60
40, 011100, 83, 52, 74, 60, 95
77, 01110100, 83, 52, 74, 60, 95, 0, 23
73, 011101010, 83, 52, 74, 60, 95, 0, 23, 44
82, 011101011, 83, 52, 74, 60, 95, 0, 23, 44
59, 0111011, 83, 52, 74, 60, 95, 0
58, 0111100, 83, 52, 74, 60, 95, 89
26, 01111010, 83, 52, 74, 60, 95, 89, 25
100, 01111011, 83, 52, 74, 60, 95, 89, 25
42, 011111000, 83, 52, 74, 60, 95, 89, 73, 50
93, 011111001, 83, 52, 74, 60, 95, 89, 73, 50
12, 011111010, 83, 52, 74, 60, 95, 89, 73, 50
32, 01111101100, 83, 52, 74, 60, 95, 89, 73, 50, 85, 78
86, 01111101101, 83, 52, 74, 60, 95, 89, 73, 50, 85, 78
78, 0111110111, 83, 52, 74, 60, 95, 89, 73, 50, 85
71, 011111100, 83, 52, 74, 60, 95, 89, 73, 82
95, 011111101, 83, 52, 74, 60, 95, 89, 73, 82
81, 011111110, 83, 52, 74, 60, 95, 89, 73, 82
85, 011111111, 83, 52, 74, 60, 95, 89, 73, 82
15, 100000, 83, 22, 58, 40, 69
20, 100001, 83, 22, 58, 40, 69
99, 100010, 83, 22, 58, 40, 69
27, 1000110, 83, 22, 58, 40, 69, 20
62, 1000111, 83, 22, 58, 40, 69, 20
0, 10010000, 83, 22, 58, 40, 43, 84, 21
94, 10010001, 83, 22, 58, 40, 43, 84, 21
87, 1001001, 83, 22, 58, 40, 43, 84
53, 100101, 83, 22, 58, 40, 43
98, 10011, 83, 22, 58, 40
51, 10100, 83, 22, 58, 4
66, 10101, 83, 22, 58, 4
63, 1011000, 83, 22, 58, 4, 36, 98
80, 1011001, 83, 22, 58, 4, 36, 98
46, 101101, 83, 22, 58, 4, 36
75, 1011100, 83, 22, 58, 4, 36, 30
44, 10111010, 83, 22, 58, 4, 36, 30, 5
83, 10111011, 83, 22, 58, 4, 36, 30, 5
76, 101111, 83, 22, 58, 4, 36
28, 11000, 83, 22, 8, 10
97, 11001, 83, 22, 8, 10
33, 11010, 83, 22, 8, 10
55, 11011, 83, 22, 8, 10
39, 1110, 83, 22, 8
52, 1111, 83, 22, 8
