8, 0000000, 81, 47, 49, 11, 42, 9
72, 0000001, 81, 47, 49, 11, 42, 9
67, 000001, 81, 47, 49, 11, 42
92, 00001, 81, 47, 49, 11
2, 000100, 81, 47, 49, 11, 61
1, 0001010, 81, 47, 49, 11, 61, 21
89, 0001011, 81, 47, 49, 11, 61, 21
90, 00011, 81, 47, 49, 11
49, 00100, 81, 47, 49, 7
70, 00101, 81, 47, 49, 7
30, 00110000, 81, 47, 49, 7, 75, 12, 32
16, 0011000100, 81, 47, 49, 7, 75, 12, 32, 60, 84
29, 0011000101, 81, 47, 49, 7, 75, 12, 32, 60, 84
38, 001100011, 81, 47, 49, 7, 75, 12, 32, 60
79, 0011001, 81, 47, 49, 7, 75, 12
41, 00110100, 81, 47, 49, 7, 75, 12, 43
60, 00110101, 81, 47, 49, 7, 75, 12, 43
34, 00110110, 81, 47, 49, 7, 75, 12, 43
57, 00110111, 81, 47, 49, 7, 75, 12, 43
91, 00111000, 81, 47, 49, 7, 75, 38, 86
9, 0011100100, 81, 47, 49, 7, 75, 38, 86, 73, 57
35, 0011100101, 81, 47, 49, 7, 75, 38, 86, 73, 57
71, 001110011, 81, 47, 49, 7, 75, 38, 86, 73
43, 0011101, 81, 47, 49, 7, 75, 38
5, 0011110, 81, 47, 49, 7, 75, 38
23, 00111110000, 81, 47, 49, 7, 75, 38, 80, 67, 26, 1
25, 00111110001, 81, 47, 49, 7, 75, 38, 80, 67, 26, 1
22, 0011111001, 81, 47, 49, 7, 75, 38, 80, 67, 26
88, 0011111010, 81, 47, 49, 7, 75, 38, 80, 67, 26
96, 0011111011, 81, 47, 49, 7, 75, 38, 80, 67, 26
14, 0011111100, 81, 47, 49, 7, 75, 38, 80, 67, 54
4, 001111110100, 81, 47, 49, 7, 75, 38, 80, 67, 54, 63, 53
7, 001111110101, 81, 47, 49, 7, 75, 38, 80, 67, 54, 63, 53
24, 00111111011, 81, 47, 49, 7, 75, 38, 80, 67, 54, 63
19, 0011111110, 81, 47, 49, 7, 75, 38, 80, 67, 54
21, 0011111111, 81, 47, 49, 7, 75, 38, 80, 67, 54
42, 010000, 81, 47, 72, 28, 31
95, 010001, 81, 47, 72, 28, 31
85, 01001, 81, 47, 72, 28
13, 01010000, 81, 47, 72, 28, 98, 3, 76
48, 01010001, 81, 47, 72, 28, 98, 3, 76
86, 01010010, 81, 47, 72, 28, 98, 3, 76
18, 010100110, 81, 47, 72, 28, 98, 3, 76, 58
32, 0101001110, 81, 47, 72, 28, 98, 3, 76, 58, 5
45, 0101001111, 81, 47, 72, 28, 98, 3, 76, 58, 5
56, 010101, 81, 47, 72, 28, 98
26, 010110, 81, 47, 72, 28, 98
10, 0101110, 81, 47, 72, 28, 98, 44
11, 0101111, 81, 47, 72, 28, 98, 44
58, 011000, 81, 47, 72, 59, 71
81, 011001, 81, 47, 72, 59, 71
12, 0110100, 81, 47, 72, 59, 71, 17
74, 0110101, 81, 47, 72, 59, 71, 17
84, 0110110, 81, 47, 72, 59, 71, 17
54, 01101110, 81, 47, 72, 59, 71, 17, 25
69, 01101111, 81, 47, 72, 59, 71, 17, 25
47, 0111000, 81, 47, 72, 59, 93, 0
6, 01110010, 81, 47, 72, 59, 93, 0, 40
36, 01110011, 81, 47, 72, 59, 93, 0, 40
3, 0111010, 81, 47, 72, 59, 93, 0
64, 0111011, 81, 47, 72, 59, 93, 0
31, 011110, 81, 47, 72, 59, 93
61, 011111, 81, 47, 72, 59, 93
59, 10000000, 81, 16, 56, 36, 68, 35, 97
73, 10000001, 81, 16, 56, 36, 68, 35, 97
82, 1000001, 81, 16, 56, 36, 68, 35
40, 100001, 81, 16, 56, 36, 68
63, 100010, 81, 16, 56, 36, 68
77, 100011, 81, 16, 56, 36, 68
33, 100100, 81, 16, 56, 36, 39
37, 100101, 81, 16, 56, 36, 39
97, 10011000, 81, 16, 56, 36, 39, 37, 10
55, 100110010, 81, 16, 56, 36, 39, 37, 10, 22
76, 100110011, 81, 16, 56, 36, 39, 37, 10, 22
44, 10011010, 81, 16, 56, 36, 39, 37, 10
83, 10011011, 81, 16, 56, 36, 39, 37, 10
46, 100111000, 81, 16, 56, 36, 39, 37, 90, 74
51, 100111001, 81, 16, 56, 36, 39, 37, 90, 74
98, 10011101, 81, 16, 56, 36, 39, 37, 90
100, 1001111, 81, 16, 56, 36, 39, 37
52, 1010, 81, 16, 56
93, 1011, 81, 16, 56
80, 11000, 81, 16, 6, 8
87, 11001, 81, 16, 6, 8
0, 11010000, 81, 16, 6, 8, 52, 85, 66
75, 11010001, 81, 16, 6, 8, 52, 85, 66
28, 1101001, 81, 16, 6, 8, 52, 85
94, 110101, 81, 16, 6, 8, 52
66, 110110, 81, 16, 6, 8, 52
20, 11011100, 81, 16, 6, 8, 52, 27, 19
99, 11011101, 81, 16, 6, 8, 52, 27, 19
27, 110111100, 81, 16, 6, 8, 52, 27, 19, 65
62, 110111101, 81, 16, 6, 8, 52, 27, 19, 65
15, 11011111, 81, 16, 6, 8, 52, 27, 19
68, 1110, 81, 16, 6
17, 1111000, 81, 16, 6, 70, 41, 29
53, 1111001, 81, 16, 6, 70, 41, 29
39, 111101, 81, 16, 6, 70, 41
50, 1111100, 81, 16, 6, 70, 41, 94
78, 1111101, 81, 16, 6, 70, 41, 94
65, 111111, 81, 16, 6, 70, 41
