50, 00000, 74, 46, 48, 13
38, 000010, 74, 46, 48, 13, 40
60, 000011, 74, 46, 48, 13, 40
41, 0001, 74, 46, 48
30, 001000, 74, 46, 48, 9, 29
68, 001001, 74, 46, 48, 9, 29
16, 0010100, 74, 46, 48, 9, 29, 91
29, 0010101, 74, 46, 48, 9, 29, 91
34, 0010110, 74, 46, 48, 9, 29, 91
57, 0010111, 74, 46, 48, 9, 29, 91
37, 0011, 74, 46, 48
91, 01000, 74, 46, 66, 27
90, 010010000, 74, 46, 66, 27, 31, 80, 15, 87
92, 010010001, 74, 46, 66, 27, 31, 80, 15, 87
89, 01001001, 74, 46, 66, 27, 31, 80, 15
8, 01001010, 74, 46, 66, 27, 31, 80, 15
67, 01001011, 74, 46, 66, 27, 31, 80, 15
9, 01001100, 74, 46, 66, 27, 31, 80, 81
35, 01001101, 74, 46, 66, 27, 31, 80, 81
43, 0100111, 74, 46, 66, 27, 31, 80
23, 010100, 74, 46, 66, 27, 96
25, 0101010000, 74, 46, 66, 27, 96, 5, 35, 32, 95
4, 01010100010, 74, 46, 66, 27, 96, 5, 35, 32, 95, 57
7, 01010100011, 74, 46, 66, 27, 96, 5, 35, 32, 95, 57
24, 010101001, 74, 46, 66, 27, 96, 5, 35, 32
19, 010101010, 74, 46, 66, 27, 96, 5, 35, 32
21, 010101011, 74, 46, 66, 27, 96, 5, 35, 32
5, 010101100, 74, 46, 66, 27, 96, 5, 35, 76
14, 010101101, 74, 46, 66, 27, 96, 5, 35, 76
96, 01010111, 74, 46, 66, 27, 96, 5, 35
22, 01011000, 74, 46, 66, 27, 96, 42, 24
88, 01011001, 74, 46, 66, 27, 96, 42, 24
1, 010110100, 74, 46, 66, 27, 96, 42, 24, 62
2, 010110101, 74, 46, 66, 27, 96, 42, 24, 62
72, 01011011, 74, 46, 66, 27, 96, 42, 24
10, 0101110, 74, 46, 66, 27, 96, 42
11, 0101111, 74, 46, 66, 27, 96, 42
58, 01100, 74, 46, 66, 55
81, 01101, 74, 46, 66, 55
32, 01110000, 74, 46, 66, 55, 93, 1, 36
45, 01110001, 74, 46, 66, 55, 93, 1, 36
78, 01110010, 74, 46, 66, 55, 93, 1, 36
86, 01110011, 74, 46, 66, 55, 93, 1, 36
70, 011101, 74, 46, 66, 55, 93
18, 0111100, 74, 46, 66, 55, 93, 88
31, 01111010, 74, 46, 66, 55, 93, 88, 23
61, 01111011, 74, 46, 66, 55, 93, 88, 23
93, 0111110000, 74, 46, 66, 55, 93, 88, 65, 45, 61
95, 0111110001, 74, 46, 66, 55, 93, 88, 65, 45, 61
42, 01111100100, 74, 46, 66, 55, 93, 88, 65, 45, 61, 56
54, 01111100101, 74, 46, 66, 55, 93, 88, 65, 45, 61, 56
74, 01111100110, 74, 46, 66, 55, 93, 88, 65, 45, 61, 56
85, 01111100111, 74, 46, 66, 55, 93, 88, 65, 45, 61, 56
26, 0111110100, 74, 46, 66, 55, 93, 88, 65, 45, 79
100, 0111110101, 74, 46, 66, 55, 93, 88, 65, 45, 79
84, 0111110110, 74, 46, 66, 55, 93, 88, 65, 45, 79
71, 011111011100, 74, 46, 66, 55, 93, 88, 65, 45, 79, 70, 30
79, 011111011101, 74, 46, 66, 55, 93, 88, 65, 45, 79, 70, 30
49, 01111101111, 74, 46, 66, 55, 93, 88, 65, 45, 79, 70
56, 01111110000, 74, 46, 66, 55, 93, 88, 65, 72, 3, 78
69, 01111110001, 74, 46, 66, 55, 93, 88, 65, 72, 3, 78
3, 0111111001000, 74, 46, 66, 55, 93, 88, 65, 72, 3, 78, 69, 26
6, 0111111001001, 74, 46, 66, 55, 93, 88, 65, 72, 3, 78, 69, 26
36, 011111100101, 74, 46, 66, 55, 93, 88, 65, 72, 3, 78, 69
12, 01111110011, 74, 46, 66, 55, 93, 88, 65, 72, 3, 78
17, 0111111010, 74, 46, 66, 55, 93, 88, 65, 72, 3
64, 0111111011, 74, 46, 66, 55, 93, 88, 65, 72, 3
48, 011111110, 74, 46, 66, 55, 93, 88, 65, 72
13, 0111111110, 74, 46, 66, 55, 93, 88, 65, 72, 71
47, 0111111111, 74, 46, 66, 55, 93, 88, 65, 72, 71
33, 10000, 74, 20, 53, 33
0, 1000100000, 74, 20, 53, 33, 60, 16, 67, 19, 68
99, 1000100001, 74, 20, 53, 33, 60, 16, 67, 19, 68
87, 100010001, 74, 20, 53, 33, 60, 16, 67, 19
53, 10001001, 74, 20, 53, 33, 60, 16, 67
66, 10001010, 74, 20, 53, 33, 60, 16, 67
94, 10001011, 74, 20, 53, 33, 60, 16, 67
98, 100011, 74, 20, 53, 33, 60
15, 1001000, 74, 20, 53, 33, 37, 75
20, 1001001, 74, 20, 53, 33, 37, 75
27, 1001010, 74, 20, 53, 33, 37, 75
62, 1001011, 74, 20, 53, 33, 37, 75
80, 100110, 74, 20, 53, 33, 37
97, 100111, 74, 20, 53, 33, 37
65, 101, 74, 20
28, 1100, 74, 20, 8
39, 1101, 74, 20, 8
52, 11100, 74, 20, 8, 63
75, 111010000, 74, 20, 8, 63, 77, 41, 92, 10
76, 111010001, 74, 20, 8, 63, 77, 41, 92, 10
83, 11101001, 74, 20, 8, 63, 77, 41, 92
55, 1110101, 74, 20, 8, 63, 77, 41
44, 11101100, 74, 20, 8, 63, 77, 41, 0
46, 11101101, 74, 20, 8, 63, 77, 41, 0
51, 1110111, 74, 20, 8, 63, 77, 41
82, 1111000, 74, 20, 8, 63, 39, 28
59, 11110010, 74, 20, 8, 63, 39, 28, 83
73, 11110011, 74, 20, 8, 63, 39, 28, 83
40, 111101, 74, 20, 8, 63, 39
63, 111110, 74, 20, 8, 63, 39
77, 111111, 74, 20, 8, 63, 39
