63, 00000, 78, 52, 55, 14
77, 00001, 78, 52, 55, 14
40, 00010, 78, 52, 55, 14
73, 0001100, 78, 52, 55, 14, 63, 88
82, 0001101, 78, 52, 55, 14, 63, 88
59, 000111, 78, 52, 55, 14, 63
52, 0010000, 78, 52, 55, 9, 35, 6
93, 0010001, 78, 52, 55, 9, 35, 6
53, 0010010, 78, 52, 55, 9, 35, 6
97, 0010011, 78, 52, 55, 9, 35, 6
17, 0010100, 78, 52, 55, 9, 35, 91
12, 00101010, 78, 52, 55, 9, 35, 91, 98
33, 00101011, 78, 52, 55, 9, 35, 91, 98
68, 001011, 78, 52, 55, 9, 35
28, 0011000, 78, 52, 55, 9, 73, 17
55, 00110010, 78, 52, 55, 9, 73, 17, 38
83, 00110011, 78, 52, 55, 9, 73, 17, 38
67, 0011010, 78, 52, 55, 9, 73, 17
80, 0011011, 78, 52, 55, 9, 73, 17
100, 001110, 78, 52, 55, 9, 73
75, 00111100, 78, 52, 55, 9, 73, 44, 76
76, 00111101, 78, 52, 55, 9, 73, 44, 76
44, 0011111, 78, 52, 55, 9, 73, 44
46, 01000, 78, 52, 69, 32
20, 01001000, 78, 52, 69, 32, 37, 82, 20
99, 01001001, 78, 52, 69, 32, 37, 82, 20
27, 010010100, 78, 52, 69, 32, 37, 82, 20, 2
62, 010010101, 78, 52, 69, 32, 37, 82, 20, 2
15, 01001011, 78, 52, 69, 32, 37, 82, 20
39, 0100110, 78, 52, 69, 32, 37, 82
98, 0100111, 78, 52, 69, 32, 37, 82
65, 0101, 78, 52, 69
87, 01100, 78, 52, 69, 61
0, 011010, 78, 52, 69, 61, 67
94, 011011, 78, 52, 69, 61, 67
51, 01110, 78, 52, 69, 61
66, 01111, 78, 52, 69, 61
88, 10000, 78, 24, 60, 42
96, 10001, 78, 24, 60, 42
22, 1001000, 78, 24, 60, 42, 45, 79
35, 1001001, 78, 24, 60, 42, 45, 79
29, 100101, 78, 24, 60, 42, 45
21, 1001100, 78, 24, 60, 42, 45, 43
23, 10011010, 78, 24, 60, 42, 45, 43, 13
24, 10011011, 78, 24, 60, 42, 45, 43, 13
7, 1001110000, 78, 24, 60, 42, 45, 43, 86, 71, 56
19, 1001110001, 78, 24, 60, 42, 45, 43, 86, 71, 56
4, 1001110010, 78, 24, 60, 42, 45, 43, 86, 71, 56
25, 1001110011, 78, 24, 60, 42, 45, 43, 86, 71, 56
5, 100111010, 78, 24, 60, 42, 45, 43, 86, 71
14, 100111011, 78, 24, 60, 42, 45, 43, 86, 71
9, 10011110, 78, 24, 60, 42, 45, 43, 86
43, 10011111, 78, 24, 60, 42, 45, 43, 86
72, 1010, 78, 24, 60
16, 10110, 78, 24, 60, 4
90, 1011100, 78, 24, 60, 4, 39, 31
2, 1011101000, 78, 24, 60, 4, 39, 31, 5, 64, 99
8, 1011101001, 78, 24, 60, 4, 39, 31, 5, 64, 99
92, 101110101, 78, 24, 60, 4, 39, 31, 5, 64
1, 101110110, 78, 24, 60, 4, 39, 31, 5, 64
89, 101110111, 78, 24, 60, 4, 39, 31, 5, 64
10, 1011110, 78, 24, 60, 4, 39, 31
11, 1011111, 78, 24, 60, 4, 39, 31
61, 1100000, 78, 24, 8, 10, 18, 41
64, 1100001, 78, 24, 8, 10, 18, 41
31, 110001, 78, 24, 8, 10, 18
36, 110010, 78, 24, 8, 10, 18
3, 1100110, 78, 24, 8, 10, 18, 51
6, 1100111, 78, 24, 8, 10, 18, 51
69, 11010, 78, 24, 8, 10
74, 11011, 78, 24, 8, 10
37, 11100000, 78, 24, 8, 66, 80, 68, 53
78, 11100001, 78, 24, 8, 66, 80, 68, 53
79, 111000100, 78, 24, 8, 66, 80, 68, 53, 62
32, 111000101000, 78, 24, 8, 66, 80, 68, 53, 62, 72, 7, 36
45, 111000101001, 78, 24, 8, 66, 80, 68, 53, 62, 72, 7, 36
86, 11100010101, 78, 24, 8, 66, 80, 68, 53, 62, 72, 7
48, 11100010110, 78, 24, 8, 66, 80, 68, 53, 62, 72, 7
70, 11100010111, 78, 24, 8, 66, 80, 68, 53, 62, 72, 7
71, 111000110, 78, 24, 8, 66, 80, 68, 53, 62
56, 1110001110, 78, 24, 8, 66, 80, 68, 53, 62, 0
95, 1110001111, 78, 24, 8, 66, 80, 68, 53, 62, 0
54, 1110010, 78, 24, 8, 66, 80, 68
84, 111001100, 78, 24, 8, 66, 80, 68, 19, 77
85, 111001101, 78, 24, 8, 66, 80, 68, 19, 77
42, 11100111, 78, 24, 8, 66, 80, 68, 19
58, 1110100, 78, 24, 8, 66, 80, 50
81, 1110101, 78, 24, 8, 66, 80, 50
49, 1110110, 78, 24, 8, 66, 80, 50
13, 11101110000, 78, 24, 8, 66, 80, 50, 1, 26, 28, 89
47, 11101110001, 78, 24, 8, 66, 80, 50, 1, 26, 28, 89
26, 1110111001, 78, 24, 8, 66, 80, 50, 1, 26, 28
18, 111011101, 78, 24, 8, 66, 80, 50, 1, 26
91, 11101111, 78, 24, 8, 66, 80, 50, 1
60, 1111000, 78, 24, 8, 66, 46, 33
38, 11110010, 78, 24, 8, 66, 46, 33, 84
41, 11110011, 78, 24, 8, 66, 46, 33, 84
34, 11110100, 78, 24, 8, 66, 46, 33, 90
57, 11110101, 78, 24, 8, 66, 46, 33, 90
30, 1111011, 78, 24, 8, 66, 46, 33
50, 11111, 78, 24, 8, 66
