53, 000000, 77, 51, 54, 9, 46
68, 000001, 77, 51, 54, 9, 46
52, 00001000, 77, 51, 54, 9, 46, 55, 56
76, 00001001, 77, 51, 54, 9, 46, 55, 56
83, 0000101, 77, 51, 54, 9, 46, 55
0, 000011000, 77, 51, 54, 9, 46, 55, 64, 17
66, 0000110010, 77, 51, 54, 9, 46, 55, 64, 17, 79
94, 0000110011, 77, 51, 54, 9, 46, 55, 64, 17, 79
51, 00001101, 77, 51, 54, 9, 46, 55, 64
63, 0000111, 77, 51, 54, 9, 46, 55
15, 000100, 77, 51, 54, 9, 61
20, 000101, 77, 51, 54, 9, 61
27, 0001100, 77, 51, 54, 9, 61, 88
62, 0001101, 77, 51, 54, 9, 61, 88
99, 000111, 77, 51, 54, 9, 61
98, 0010, 77, 51, 54
46, 001100, 77, 51, 54, 5, 70
87, 001101, 77, 51, 54, 5, 70
80, 001110, 77, 51, 54, 5, 70
44, 0011110, 77, 51, 54, 5, 70, 43
75, 0011111, 77, 51, 54, 5, 70, 43
28, 01000, 77, 51, 68, 29
97, 01001, 77, 51, 68, 29
17, 0101, 77, 51, 68
12, 011000, 77, 51, 68, 60, 67
33, 011001, 77, 51, 68, 60, 67
55, 01101, 77, 51, 68, 60
39, 01110, 77, 51, 68, 60
93, 01111, 77, 51, 68, 60
31, 100000, 77, 21, 57, 39, 65
64, 100001, 77, 21, 57, 39, 65
3, 1000100, 77, 21, 57, 39, 65, 18
6, 1000101, 77, 21, 57, 39, 65, 18
36, 100011, 77, 21, 57, 39, 65
61, 100100, 77, 21, 57, 39, 44
69, 100101, 77, 21, 57, 39, 44
45, 100110, 77, 21, 57, 39, 44
78, 100111, 77, 21, 57, 39, 44
56, 101000, 77, 21, 57, 1, 13
85, 101001, 77, 21, 57, 1, 13
42, 101010, 77, 21, 57, 1, 13
74, 101011, 77, 21, 57, 1, 13
59, 10110000, 77, 21, 57, 1, 33, 98, 76
73, 10110001, 77, 21, 57, 1, 33, 98, 76
40, 1011001, 77, 21, 57, 1, 33, 98
82, 101101, 77, 21, 57, 1, 33
77, 10111, 77, 21, 57, 1
91, 11000, 77, 21, 3, 6
30, 110010, 77, 21, 3, 6, 15
71, 1100110, 77, 21, 3, 6, 15, 47
79, 1100111, 77, 21, 3, 6, 15, 47
65, 1101, 77, 21, 3
43, 11100, 77, 21, 3, 66
67, 11101, 77, 21, 3, 66
35, 11110000, 77, 21, 3, 66, 45, 30, 85
88, 11110001, 77, 21, 3, 66, 45, 30, 85
22, 11110010, 77, 21, 3, 66, 45, 30, 85
70, 111100110, 77, 21, 3, 66, 45, 30, 85, 97
13, 1111001110, 77, 21, 3, 66, 45, 30, 85, 97, 87
48, 1111001111, 77, 21, 3, 66, 45, 30, 85, 97, 87
90, 111101000, 77, 21, 3, 66, 45, 30, 93, 20
11, 1111010010, 77, 21, 3, 66, 45, 30, 93, 20, 31
92, 1111010011, 77, 21, 3, 66, 45, 30, 93, 20, 31
10, 111101010, 77, 21, 3, 66, 45, 30, 93, 20
2, 111101011000, 77, 21, 3, 66, 45, 30, 93, 20, 59, 81, 91
8, 111101011001, 77, 21, 3, 66, 45, 30, 93, 20, 59, 81, 91
9, 11110101101, 77, 21, 3, 66, 45, 30, 93, 20, 59, 81
1, 111101011100, 77, 21, 3, 66, 45, 30, 93, 20, 59, 81, 40
89, 111101011101, 77, 21, 3, 66, 45, 30, 93, 20, 59, 81, 40
72, 11110101111, 77, 21, 3, 66, 45, 30, 93, 20, 59, 81
37, 1111011000, 77, 21, 3, 66, 45, 30, 93, 8, 24
50, 1111011001, 77, 21, 3, 66, 45, 30, 93, 8, 24
34, 111101101, 77, 21, 3, 66, 45, 30, 93, 8
16, 1111011100000, 77, 21, 3, 66, 45, 30, 93, 8, 83, 36, 35, 37
29, 1111011100001, 77, 21, 3, 66, 45, 30, 93, 8, 83, 36, 35, 37
26, 111101110001, 77, 21, 3, 66, 45, 30, 93, 8, 83, 36, 35
57, 11110111001, 77, 21, 3, 66, 45, 30, 93, 8, 83, 36
38, 111101110100, 77, 21, 3, 66, 45, 30, 93, 8, 83, 36, 49
41, 111101110101, 77, 21, 3, 66, 45, 30, 93, 8, 83, 36, 49
60, 11110111011, 77, 21, 3, 66, 45, 30, 93, 8, 83, 36
100, 11110111100, 77, 21, 3, 66, 45, 30, 93, 8, 83, 74
32, 111101111010, 77, 21, 3, 66, 45, 30, 93, 8, 83, 74, 10
86, 111101111011, 77, 21, 3, 66, 45, 30, 93, 8, 83, 74, 10
54, 1111011111000, 77, 21, 3, 66, 45, 30, 93, 8, 83, 74, 62, 86
84, 1111011111001, 77, 21, 3, 66, 45, 30, 93, 8, 83, 74, 62, 86
18, 1111011111010, 77, 21, 3, 66, 45, 30, 93, 8, 83, 74, 62, 86
47, 1111011111011, 77, 21, 3, 66, 45, 30, 93, 8, 83, 74, 62, 86
95, 11110111111, 77, 21, 3, 66, 45, 30, 93, 8, 83, 74
96, 111110, 77, 21, 3, 66, 45
49, 11111100, 77, 21, 3, 66, 45, 95, 38
58, 111111010, 77, 21, 3, 66, 45, 95, 38, 16
7, 11111101100, 77, 21, 3, 66, 45, 95, 38, 16, 84, 90
19, 11111101101, 77, 21, 3, 66, 45, 95, 38, 16, 84, 90
21, 1111110111, 77, 21, 3, 66, 45, 95, 38, 16, 84
5, 1111111000, 77, 21, 3, 66, 45, 95, 38, 4, 2
4, 111111100100, 77, 21, 3, 66, 45, 95, 38, 4, 2, 69, 12
14, 111111100101, 77, 21, 3, 66, 45, 95, 38, 4, 2, 69, 12
25, 11111110011, 77, 21, 3, 66, 45, 95, 38, 4, 2, 69
23, 1111111010, 77, 21, 3, 66, 45, 95, 38, 4, 2
24, 1111111011, 77, 21, 3, 66, 45, 95, 38, 4, 2
81, 11111111, 77, 21, 3, 66, 45, 95, 38
