63, 000, 77, 47
40, 0010, 77, 47, 50
77, 001100, 77, 47, 50, 5, 70
82, 001101, 77, 47, 50, 5, 70
59, 001110, 77, 47, 50, 5, 70
73, 001111, 77, 47, 50, 5, 70
39, 01000, 77, 47, 69, 29
33, 010010, 77, 47, 69, 29, 32
17, 0100110, 77, 47, 69, 29, 32, 83
97, 0100111, 77, 47, 69, 29, 32, 83
15, 01010, 77, 47, 69, 29
65, 010110, 77, 47, 69, 29, 96
20, 010111000, 77, 47, 69, 29, 96, 43, 45, 90
99, 010111001, 77, 47, 69, 29, 96, 43, 45, 90
68, 01011101, 77, 47, 69, 29, 96, 43, 45
27, 01011110, 77, 47, 69, 29, 96, 43, 45
62, 01011111, 77, 47, 69, 29, 96, 43, 45
52, 011000, 77, 47, 69, 61, 66
93, 011001, 77, 47, 69, 61, 66
98, 01101, 77, 47, 69, 61
51, 0111000, 77, 47, 69, 61, 92, 1
0, 011100100, 77, 47, 69, 61, 92, 1, 39, 49
87, 011100101, 77, 47, 69, 61, 92, 1, 39, 49
66, 011100110, 77, 47, 69, 61, 92, 1, 39, 49
94, 011100111, 77, 47, 69, 61, 92, 1, 39, 49
44, 0111010, 77, 47, 69, 61, 92, 1
46, 0111011, 77, 47, 69, 61, 92, 1
53, 011110, 77, 47, 69, 61, 92
83, 01111100, 77, 47, 69, 61, 92, 86, 67
28, 011111010, 77, 47, 69, 61, 92, 86, 67, 46
80, 0111110110, 77, 47, 69, 61, 92, 86, 67, 46, 81
75, 01111101110, 77, 47, 69, 61, 92, 86, 67, 46, 81, 74
76, 01111101111, 77, 47, 69, 61, 92, 86, 67, 46, 81, 74
55, 0111111, 77, 47, 69, 61, 92, 86
92, 10000, 77, 16, 57, 35
9, 100010, 77, 16, 57, 35, 64
43, 100011, 77, 16, 57, 35, 64
90, 1001, 77, 16, 57
67, 10100, 77, 16, 57, 2
72, 10101, 77, 16, 57, 2
2, 101100, 77, 16, 57, 2, 33
8, 101101, 77, 16, 57, 2, 33
1, 101110, 77, 16, 57, 2, 33
89, 101111, 77, 16, 57, 2, 33
12, 1100000, 77, 16, 4, 7, 10, 34
26, 1100001, 77, 16, 4, 7, 10, 34
10, 110001, 77, 16, 4, 7, 10
32, 110010, 77, 16, 4, 7, 10
86, 110011, 77, 16, 4, 7, 10
38, 11010000, 77, 16, 4, 7, 52, 80, 63
41, 11010001, 77, 16, 4, 7, 52, 80, 63
60, 1101001, 77, 16, 4, 7, 52, 80
30, 110101, 77, 16, 4, 7, 52
45, 1101100, 77, 16, 4, 7, 52, 26
78, 1101101, 77, 16, 4, 7, 52, 26
70, 110111, 77, 16, 4, 7, 52
37, 1110000, 77, 16, 4, 65, 78, 68
50, 1110001, 77, 16, 4, 65, 78, 68
34, 11100100, 77, 16, 4, 65, 78, 68, 11
57, 11100101, 77, 16, 4, 65, 78, 68, 11
71, 1110011000, 77, 16, 4, 65, 78, 68, 11, 76, 71
79, 1110011001, 77, 16, 4, 65, 78, 68, 11, 76, 71
22, 1110011010, 77, 16, 4, 65, 78, 68, 11, 76, 71
100, 11100110110, 77, 16, 4, 65, 78, 68, 11, 76, 71, 56
16, 111001101110, 77, 16, 4, 65, 78, 68, 11, 76, 71, 56, 27
29, 111001101111, 77, 16, 4, 65, 78, 68, 11, 76, 71, 56, 27
88, 111001110, 77, 16, 4, 65, 78, 68, 11, 76
91, 111001111, 77, 16, 4, 65, 78, 68, 11, 76
56, 111010000, 77, 16, 4, 65, 78, 41, 91, 6
85, 111010001, 77, 16, 4, 65, 78, 41, 91, 6
95, 11101001, 77, 16, 4, 65, 78, 41, 91
6, 1110101000, 77, 16, 4, 65, 78, 41, 91, 75, 55
11, 1110101001, 77, 16, 4, 65, 78, 41, 91, 75, 55
13, 11101010100, 77, 16, 4, 65, 78, 41, 91, 75, 55, 21
47, 11101010101, 77, 16, 4, 65, 78, 41, 91, 75, 55, 21
18, 1110101011, 77, 16, 4, 65, 78, 41, 91, 75, 55
36, 11101011, 77, 16, 4, 65, 78, 41, 91
61, 111011000, 77, 16, 4, 65, 78, 41, 0, 14
64, 111011001, 77, 16, 4, 65, 78, 41, 0, 14
35, 111011010, 77, 16, 4, 65, 78, 41, 0, 14
3, 11101101100, 77, 16, 4, 65, 78, 41, 0, 14, 25, 22
31, 11101101101, 77, 16, 4, 65, 78, 41, 0, 14, 25, 22
48, 11101101110, 77, 16, 4, 65, 78, 41, 0, 14, 25, 22
69, 111011011110, 77, 16, 4, 65, 78, 41, 0, 14, 25, 22, 59
84, 111011011111, 77, 16, 4, 65, 78, 41, 0, 14, 25, 22, 59
54, 111011100, 77, 16, 4, 65, 78, 41, 0, 19
74, 111011101, 77, 16, 4, 65, 78, 41, 0, 19
42, 11101111, 77, 16, 4, 65, 78, 41, 0
4, 11110000000, 77, 16, 4, 65, 40, 30, 85, 94, 54, 95
25, 11110000001, 77, 16, 4, 65, 40, 30, 85, 94, 54, 95
24, 1111000001, 77, 16, 4, 65, 40, 30, 85, 94, 54
23, 111100001, 77, 16, 4, 65, 40, 30, 85, 94
5, 11110001, 77, 16, 4, 65, 40, 30, 85
96, 1111001, 77, 16, 4, 65, 40, 30
21, 11110100, 77, 16, 4, 65, 40, 30, 89
14, 111101010, 77, 16, 4, 65, 40, 30, 89, 15
7, 1111010110, 77, 16, 4, 65, 40, 30, 89, 15, 60
19, 1111010111, 77, 16, 4, 65, 40, 30, 89, 15, 60
49, 1111011, 77, 16, 4, 65, 40, 30
58, 111110, 77, 16, 4, 65, 40
81, 111111, 77, 16, 4, 65, 40
