88, 00000, 78, 52, 54, 11
65, 000010, 78, 52, 54, 11, 45
91, 000011, 78, 52, 54, 11, 45
58, 000100, 78, 52, 54, 11, 64
100, 000101, 78, 52, 54, 11, 64
38, 000110000, 78, 52, 54, 11, 64, 84, 26, 23
41, 000110001, 78, 52, 54, 11, 64, 84, 26, 23
60, 00011001, 78, 52, 54, 11, 64, 84, 26
71, 0001101, 78, 52, 54, 11, 64, 84
16, 0001110000, 78, 52, 54, 11, 64, 84, 62, 95, 13
29, 0001110001, 78, 52, 54, 11, 64, 84, 62, 95, 13
34, 0001110010, 78, 52, 54, 11, 64, 84, 62, 95, 13
57, 0001110011, 78, 52, 54, 11, 64, 84, 62, 95, 13
30, 000111010, 78, 52, 54, 11, 64, 84, 62, 95
68, 000111011, 78, 52, 54, 11, 64, 84, 62, 95
49, 00011110, 78, 52, 54, 11, 64, 84, 62
79, 00011111, 78, 52, 54, 11, 64, 84, 62
50, 001000, 78, 52, 54, 7, 36
78, 001001, 78, 52, 54, 7, 36
37, 001010, 78, 52, 54, 7, 36
70, 001011, 78, 52, 54, 7, 36
93, 0011000, 78, 52, 54, 7, 73, 14
95, 0011001, 78, 52, 54, 7, 73, 14
54, 00110100, 78, 52, 54, 7, 73, 14, 46
74, 00110101, 78, 52, 54, 7, 73, 14, 46
42, 0011011, 78, 52, 54, 7, 73, 14
36, 00111000, 78, 52, 54, 7, 73, 41, 80
3, 0011100100000, 78, 52, 54, 7, 73, 41, 80, 72, 58, 87, 5, 35
6, 0011100100001, 78, 52, 54, 7, 73, 41, 80, 72, 58, 87, 5, 35
64, 001110010001, 78, 52, 54, 7, 73, 41, 80, 72, 58, 87, 5
31, 001110010010, 78, 52, 54, 7, 73, 41, 80, 72, 58, 87, 5
61, 001110010011, 78, 52, 54, 7, 73, 41, 80, 72, 58, 87, 5
84, 00111001010, 78, 52, 54, 7, 73, 41, 80, 72, 58, 87
56, 0011100101100, 78, 52, 54, 7, 73, 41, 80, 72, 58, 87, 4, 50
85, 0011100101101, 78, 52, 54, 7, 73, 41, 80, 72, 58, 87, 4, 50
69, 001110010111, 78, 52, 54, 7, 73, 41, 80, 72, 58, 87, 4
12, 0011100110, 78, 52, 54, 7, 73, 41, 80, 72, 58
17, 0011100111, 78, 52, 54, 7, 73, 41, 80, 72, 58
96, 0011101, 78, 52, 54, 7, 73, 41
81, 00111100, 78, 52, 54, 7, 73, 41, 76
18, 0011110100, 78, 52, 54, 7, 73, 41, 76, 93, 75
47, 0011110101, 78, 52, 54, 7, 73, 41, 76, 93, 75
13, 0011110110, 78, 52, 54, 7, 73, 41, 76, 93, 75
48, 0011110111, 78, 52, 54, 7, 73, 41, 76, 93, 75
32, 001111100, 78, 52, 54, 7, 73, 41, 76, 66
45, 001111101, 78, 52, 54, 7, 73, 41, 76, 66
86, 00111111, 78, 52, 54, 7, 73, 41, 76
11, 0100000, 78, 52, 71, 32, 37, 48
90, 0100001, 78, 52, 71, 32, 37, 48
1, 010001000, 78, 52, 71, 32, 37, 48, 25, 88
2, 010001001, 78, 52, 71, 32, 37, 48, 25, 88
92, 01000101, 78, 52, 71, 32, 37, 48, 25
10, 0100011, 78, 52, 71, 32, 37, 48
8, 010010, 78, 52, 71, 32, 37
26, 010011, 78, 52, 71, 32, 37
72, 010100, 78, 52, 71, 32, 94
89, 010101, 78, 52, 71, 32, 94
67, 01011, 78, 52, 71, 32
43, 01100, 78, 52, 71, 63
9, 011010, 78, 52, 71, 63, 70
35, 011011, 78, 52, 71, 63, 70
22, 01110, 78, 52, 71, 63
24, 01111000, 78, 52, 71, 63, 91, 83, 22
14, 01111001000, 78, 52, 71, 63, 91, 83, 22, 27, 43, 0
25, 01111001001, 78, 52, 71, 63, 91, 83, 22, 27, 43, 0
4, 0111100101, 78, 52, 71, 63, 91, 83, 22, 27, 43
5, 011110011, 78, 52, 71, 63, 91, 83, 22, 27
7, 011110100, 78, 52, 71, 63, 91, 83, 22, 9
19, 011110101, 78, 52, 71, 63, 91, 83, 22, 9
21, 01111011, 78, 52, 71, 63, 91, 83, 22
23, 011111, 78, 52, 71, 63, 91
98, 100, 78, 18
46, 101000, 78, 18, 57, 1, 12
51, 1010010, 78, 18, 57, 1, 12, 20
75, 1010011, 78, 18, 57, 1, 12, 20
0, 1010100, 78, 18, 57, 1, 12, 49
76, 1010101, 78, 18, 57, 1, 12, 49
97, 101011, 78, 18, 57, 1, 12
53, 10110000, 78, 18, 57, 1, 39, 97, 77
87, 10110001, 78, 18, 57, 1, 39, 97, 77
20, 101100100, 78, 18, 57, 1, 39, 97, 77, 42
99, 101100101, 78, 18, 57, 1, 39, 97, 77, 42
15, 10110011, 78, 18, 57, 1, 39, 97, 77
27, 1011010, 78, 18, 57, 1, 39, 97
62, 1011011, 78, 18, 57, 1, 39, 97
66, 101110, 78, 18, 57, 1, 39
94, 101111, 78, 18, 57, 1, 39
28, 1100, 78, 18, 6
80, 1101, 78, 18, 6
39, 11100, 78, 18, 6, 69
44, 11101, 78, 18, 6, 69
40, 111100, 78, 18, 6, 69, 44
63, 111101000, 78, 18, 6, 69, 44, 33, 89, 17
77, 111101001, 78, 18, 6, 69, 44, 33, 89, 17
82, 11110101, 78, 18, 6, 69, 44, 33, 89
59, 11110110, 78, 18, 6, 69, 44, 33, 89
73, 11110111, 78, 18, 6, 69, 44, 33, 89
33, 11111000, 78, 18, 6, 69, 44, 92, 56
55, 11111001, 78, 18, 6, 69, 44, 92, 56
83, 1111101, 78, 18, 6, 69, 44, 92
52, 111111, 78, 18, 6, 69, 44
