10, 00000, 75, 53, 55, 11
11, 00001, 75, 53, 55, 11
90, 0001, 75, 53, 55
24, 00100000, 75, 53, 55, 8, 36, 3, 32
25, 00100001, 75, 53, 55, 8, 36, 3, 32
23, 0010001, 75, 53, 55, 8, 36, 3
5, 00100100, 75, 53, 55, 8, 36, 3, 54
14, 00100101, 75, 53, 55, 8, 36, 3, 54
19, 001001100, 75, 53, 55, 8, 36, 3, 54, 90
4, 0010011010, 75, 53, 55, 8, 36, 3, 54, 90, 62
7, 0010011011, 75, 53, 55, 8, 36, 3, 54, 90, 62
21, 00100111, 75, 53, 55, 8, 36, 3, 54
72, 00101000, 75, 53, 55, 8, 36, 87, 96
92, 001010010, 75, 53, 55, 8, 36, 87, 96, 97
1, 00101001100, 75, 53, 55, 8, 36, 87, 96, 97, 79, 29
89, 00101001101, 75, 53, 55, 8, 36, 87, 96, 97, 79, 29
88, 0010100111, 75, 53, 55, 8, 36, 87, 96, 97, 79
2, 00101010000, 75, 53, 55, 8, 36, 87, 96, 88, 60, 52
8, 00101010001, 75, 53, 55, 8, 36, 87, 96, 88, 60, 52
9, 0010101001, 75, 53, 55, 8, 36, 87, 96, 88, 60
26, 001010101, 75, 53, 55, 8, 36, 87, 96, 88
22, 001010110, 75, 53, 55, 8, 36, 87, 96, 88
96, 001010111, 75, 53, 55, 8, 36, 87, 96, 88
67, 0010110, 75, 53, 55, 8, 36, 87
35, 00101110, 75, 53, 55, 8, 36, 87, 28
43, 00101111, 75, 53, 55, 8, 36, 87, 28
71, 00110000, 75, 53, 55, 8, 72, 14, 38
79, 00110001, 75, 53, 55, 8, 72, 14, 38
38, 001100100, 75, 53, 55, 8, 72, 14, 38, 10
41, 001100101, 75, 53, 55, 8, 72, 14, 38, 10
60, 00110011, 75, 53, 55, 8, 72, 14, 38
16, 00110100, 75, 53, 55, 8, 72, 14, 45
29, 00110101, 75, 53, 55, 8, 72, 14, 45
34, 00110110, 75, 53, 55, 8, 72, 14, 45
57, 00110111, 75, 53, 55, 8, 72, 14, 45
49, 00111, 75, 53, 55, 8
93, 01000, 75, 53, 70, 33
30, 010010, 75, 53, 70, 33, 37
91, 010011, 75, 53, 70, 33, 37
78, 010100, 75, 53, 70, 33, 94
86, 010101, 75, 53, 70, 33, 94
45, 0101100, 75, 53, 70, 33, 94, 46
100, 0101101, 75, 53, 70, 33, 94, 46
32, 01011100, 75, 53, 70, 33, 94, 46, 50
70, 01011101, 75, 53, 70, 33, 94, 46, 50
37, 0101111, 75, 53, 70, 33, 94, 46
74, 011000, 75, 53, 70, 65, 68
85, 011001, 75, 53, 70, 65, 68
6, 01101000, 75, 53, 70, 65, 68, 22, 56
61, 01101001, 75, 53, 70, 65, 68, 22, 56
36, 0110101, 75, 53, 70, 65, 68, 22
84, 0110110, 75, 53, 70, 65, 68, 22
54, 01101110, 75, 53, 70, 65, 68, 22, 30
69, 01101111, 75, 53, 70, 65, 68, 22, 30
3, 011100000, 75, 53, 70, 65, 91, 0, 42, 25
64, 011100001, 75, 53, 70, 65, 91, 0, 42, 25
31, 01110001, 75, 53, 70, 65, 91, 0, 42
42, 0111001, 75, 53, 70, 65, 91, 0
48, 0111010, 75, 53, 70, 65, 91, 0
13, 0111011000, 75, 53, 70, 65, 91, 0, 24, 7, 80
47, 0111011001, 75, 53, 70, 65, 91, 0, 24, 7, 80
18, 011101101, 75, 53, 70, 65, 91, 0, 24, 7
56, 01110111, 75, 53, 70, 65, 91, 0, 24
81, 0111100, 75, 53, 70, 65, 91, 82
95, 0111101, 75, 53, 70, 65, 91, 82
58, 011111, 75, 53, 70, 65, 91
27, 1000, 75, 21, 61
62, 1001, 75, 21, 61
15, 10100, 75, 21, 61, 1
99, 101010, 75, 21, 61, 1, 13
66, 10101100, 75, 21, 61, 1, 13, 49, 15
94, 10101101, 75, 21, 61, 1, 13, 49, 15
75, 10101110, 75, 21, 61, 1, 13, 49, 15
0, 1010111100, 75, 21, 61, 1, 13, 49, 15, 39, 4
87, 1010111101, 75, 21, 61, 1, 13, 49, 15, 39, 4
39, 10101111100, 75, 21, 61, 1, 13, 49, 15, 39, 4, 84
50, 10101111101, 75, 21, 61, 1, 13, 49, 15, 39, 4, 84
20, 1010111111, 75, 21, 61, 1, 13, 49, 15, 39, 4
65, 1011, 75, 21, 61
40, 1100, 75, 21, 6
59, 110100, 75, 21, 6, 9, 58
73, 110101, 75, 21, 6, 9, 58
77, 1101100, 75, 21, 6, 9, 58, 31
82, 1101101, 75, 21, 6, 9, 58, 31
63, 110111, 75, 21, 6, 9, 58
52, 111000, 75, 21, 6, 67, 76
44, 11100100, 75, 21, 6, 67, 76, 69, 18
51, 11100101, 75, 21, 6, 67, 76, 69, 18
46, 1110011, 75, 21, 6, 67, 76, 69
33, 11101, 75, 21, 6, 67
17, 111100000, 75, 21, 6, 67, 43, 34, 81, 92
53, 111100001, 75, 21, 6, 67, 43, 34, 81, 92
68, 11110001, 75, 21, 6, 67, 43, 34, 81
12, 1111001, 75, 21, 6, 67, 43, 34
76, 1111010000, 75, 21, 6, 67, 43, 34, 86, 20, 35
83, 1111010001, 75, 21, 6, 67, 43, 34, 86, 20, 35
55, 111101001, 75, 21, 6, 67, 43, 34, 86, 20
28, 111101010, 75, 21, 6, 67, 43, 34, 86, 20
97, 111101011, 75, 21, 6, 67, 43, 34, 86, 20
98, 1111011, 75, 21, 6, 67, 43, 34
80, 11111, 75, 21, 6, 67
