76, 00, 77
46, 010, 77, 44
30, 0110000, 77, 44, 66, 51, 63, 99
68, 0110001, 77, 44, 66, 51, 63, 99
93, 011001, 77, 44, 66, 51, 63
52, 0110100, 77, 44, 66, 51, 63, 15
100, 0110101, 77, 44, 66, 51, 63, 15
59, 01101100, 77, 44, 66, 51, 63, 15, 25
63, 0110110100, 77, 44, 66, 51, 63, 15, 25, 94, 39
77, 0110110101, 77, 44, 66, 51, 63, 15, 25, 94, 39
73, 0110110110, 77, 44, 66, 51, 63, 15, 25, 94, 39
82, 0110110111, 77, 44, 66, 51, 63, 15, 25, 94, 39
40, 01101110, 77, 44, 66, 51, 63, 15, 25
78, 01101111, 77, 44, 66, 51, 63, 15, 25
97, 0111000, 77, 44, 66, 51, 92, 0
28, 011100100, 77, 44, 66, 51, 92, 0, 33, 46
55, 011100101, 77, 44, 66, 51, 92, 0, 33, 46
33, 011100110, 77, 44, 66, 51, 92, 0, 33, 46
0, 01110011100, 77, 44, 66, 51, 92, 0, 33, 46, 56, 70
94, 01110011101, 77, 44, 66, 51, 92, 0, 33, 46, 56, 70
15, 011100111100, 77, 44, 66, 51, 92, 0, 33, 46, 56, 70, 40
20, 011100111101, 77, 44, 66, 51, 92, 0, 33, 46, 56, 70, 40
65, 011100111110, 77, 44, 66, 51, 92, 0, 33, 46, 56, 70, 40
99, 0111001111110, 77, 44, 66, 51, 92, 0, 33, 46, 56, 70, 40, 57
27, 01110011111110, 77, 44, 66, 51, 92, 0, 33, 46, 56, 70, 40, 57, 80
62, 01110011111111, 77, 44, 66, 51, 92, 0, 33, 46, 56, 70, 40, 57, 80
17, 0111010, 77, 44, 66, 51, 92, 0
53, 0111011, 77, 44, 66, 51, 92, 0
80, 011110, 77, 44, 66, 51, 92
75, 011111000, 77, 44, 66, 51, 92, 88, 64, 43
44, 01111100100, 77, 44, 66, 51, 92, 88, 64, 43, 61, 55
83, 01111100101, 77, 44, 66, 51, 92, 88, 64, 43, 61, 55
12, 0111110011, 77, 44, 66, 51, 92, 88, 64, 43, 61
51, 0111110100, 77, 44, 66, 51, 92, 88, 64, 43, 82
66, 0111110101, 77, 44, 66, 51, 92, 88, 64, 43, 82
87, 0111110110, 77, 44, 66, 51, 92, 88, 64, 43, 82
98, 0111110111, 77, 44, 66, 51, 92, 88, 64, 43, 82
37, 0111111000, 77, 44, 66, 51, 92, 88, 64, 76, 2
50, 0111111001, 77, 44, 66, 51, 92, 88, 64, 76, 2
39, 011111101, 77, 44, 66, 51, 92, 88, 64, 76
38, 011111110, 77, 44, 66, 51, 92, 88, 64, 76
41, 011111111, 77, 44, 66, 51, 92, 88, 64, 76
48, 1000, 77, 14, 50
31, 1001000, 77, 14, 50, 31, 34, 78
61, 1001001, 77, 14, 50, 31, 34, 78
3, 1001010000, 77, 14, 50, 31, 34, 78, 86, 91, 59
6, 1001010001, 77, 14, 50, 31, 34, 78, 86, 91, 59
64, 100101001, 77, 14, 50, 31, 34, 78, 86, 91
74, 1001010100, 77, 14, 50, 31, 34, 78, 86, 91, 58
85, 1001010101, 77, 14, 50, 31, 34, 78, 86, 91, 58
42, 100101011, 77, 14, 50, 31, 34, 78, 86, 91
36, 1001011, 77, 14, 50, 31, 34, 78
69, 10011000, 77, 14, 50, 31, 34, 32, 9
84, 10011001, 77, 14, 50, 31, 34, 32, 9
56, 10011010, 77, 14, 50, 31, 34, 32, 9
13, 100110110, 77, 14, 50, 31, 34, 32, 9, 93
47, 100110111, 77, 14, 50, 31, 34, 32, 9, 93
16, 10011100000, 77, 14, 50, 31, 34, 32, 89, 67, 48, 36
71, 10011100001, 77, 14, 50, 31, 34, 32, 89, 67, 48, 36
54, 1001110001, 77, 14, 50, 31, 34, 32, 89, 67, 48
79, 100111001, 77, 14, 50, 31, 34, 32, 89, 67
29, 10011101000, 77, 14, 50, 31, 34, 32, 89, 67, 28, 22
60, 10011101001, 77, 14, 50, 31, 34, 32, 89, 67, 28, 22
18, 1001110101, 77, 14, 50, 31, 34, 32, 89, 67, 28
95, 100111011, 77, 14, 50, 31, 34, 32, 89, 67
10, 10011110, 77, 14, 50, 31, 34, 32, 89
11, 10011111, 77, 14, 50, 31, 34, 32, 89
5, 10100000, 77, 14, 50, 3, 10, 18, 38
14, 10100001, 77, 14, 50, 3, 10, 18, 38
49, 1010001, 77, 14, 50, 3, 10, 18
96, 101001, 77, 14, 50, 3, 10
24, 101010000, 77, 14, 50, 3, 10, 42, 83, 24
4, 1010100010, 77, 14, 50, 3, 10, 42, 83, 24, 41
25, 1010100011, 77, 14, 50, 3, 10, 42, 83, 24, 41
23, 10101001, 77, 14, 50, 3, 10, 42, 83
7, 101010100, 77, 14, 50, 3, 10, 42, 83, 1
19, 101010101, 77, 14, 50, 3, 10, 42, 83, 1
21, 10101011, 77, 14, 50, 3, 10, 42, 83
58, 1010110, 77, 14, 50, 3, 10, 42
81, 1010111, 77, 14, 50, 3, 10, 42
34, 1011000, 77, 14, 50, 3, 30, 97
57, 1011001, 77, 14, 50, 3, 30, 97
9, 101101000, 77, 14, 50, 3, 30, 97, 98, 52
35, 101101001, 77, 14, 50, 3, 30, 97, 98, 52
43, 10110101, 77, 14, 50, 3, 30, 97, 98
72, 101101100, 77, 14, 50, 3, 30, 97, 98, 71
1, 101101101000, 77, 14, 50, 3, 30, 97, 98, 71, 84, 29, 68
2, 101101101001, 77, 14, 50, 3, 30, 97, 98, 71, 84, 29, 68
8, 10110110101, 77, 14, 50, 3, 30, 97, 98, 71, 84, 29
26, 1011011011, 77, 14, 50, 3, 30, 97, 98, 71, 84
22, 10110111, 77, 14, 50, 3, 30, 97, 98
90, 1011100, 77, 14, 50, 3, 30, 26
89, 10111010, 77, 14, 50, 3, 30, 26, 4
92, 10111011, 77, 14, 50, 3, 30, 26, 4
67, 101111, 77, 14, 50, 3, 30
88, 1100, 77, 14, 7
91, 1101, 77, 14, 7
70, 1110, 77, 14, 7
32, 111100, 77, 14, 7, 62, 35
45, 111101, 77, 14, 7, 62, 35
86, 11111, 77, 14, 7, 62
