33, 0000, 79, 51, 54
68, 0001, 79, 51, 54
43, 0010000, 79, 51, 54, 8, 34, 4
67, 0010001, 79, 51, 54, 8, 34, 4
79, 001001, 79, 51, 54, 8, 34
49, 00101, 79, 51, 54, 8
35, 001100, 79, 51, 54, 8, 71
91, 001101, 79, 51, 54, 8, 71
78, 00111, 79, 51, 54, 8
48, 01000, 79, 51, 69, 33
70, 01001, 79, 51, 69, 33
12, 010100000, 79, 51, 69, 33, 98, 3, 72, 31
17, 0101000010, 79, 51, 69, 33, 98, 3, 72, 31, 30
30, 01010000110, 79, 51, 69, 33, 98, 3, 72, 31, 30, 94
32, 01010000111, 79, 51, 69, 33, 98, 3, 72, 31, 30, 94
16, 010100010, 79, 51, 69, 33, 98, 3, 72, 31
38, 01010001100, 79, 51, 69, 33, 98, 3, 72, 31, 86, 76
60, 01010001101, 79, 51, 69, 33, 98, 3, 72, 31, 86, 76
71, 0101000111, 79, 51, 69, 33, 98, 3, 72, 31, 86
34, 010100100, 79, 51, 69, 33, 98, 3, 72, 58
57, 010100101, 79, 51, 69, 33, 98, 3, 72, 58
41, 01010011, 79, 51, 69, 33, 98, 3, 72
45, 01010100, 79, 51, 69, 33, 98, 3, 40
84, 010101010, 79, 51, 69, 33, 98, 3, 40, 37
74, 01010101100, 79, 51, 69, 33, 98, 3, 40, 37, 56, 18
85, 01010101101, 79, 51, 69, 33, 98, 3, 40, 37, 56, 18
54, 01010101110, 79, 51, 69, 33, 98, 3, 40, 37, 56, 18
69, 01010101111, 79, 51, 69, 33, 98, 3, 40, 37, 56, 18
18, 010101100, 79, 51, 69, 33, 98, 3, 40, 80
13, 0101011010, 79, 51, 69, 33, 98, 3, 40, 80, 64
47, 0101011011, 79, 51, 69, 33, 98, 3, 40, 80, 64
31, 0101011100, 79, 51, 69, 33, 98, 3, 40, 80, 9
61, 0101011101, 79, 51, 69, 33, 98, 3, 40, 80, 9
64, 010101111, 79, 51, 69, 33, 98, 3, 40, 80
37, 01011000, 79, 51, 69, 33, 98, 44, 27
50, 01011001, 79, 51, 69, 33, 98, 44, 27
29, 0101101, 79, 51, 69, 33, 98, 44
86, 0101110, 79, 51, 69, 33, 98, 44
93, 0101111, 79, 51, 69, 33, 98, 44
10, 01100, 79, 51, 69, 59
11, 01101, 79, 51, 69, 59
36, 011100000, 79, 51, 69, 59, 96, 0, 41, 26
3, 01110000100, 79, 51, 69, 59, 96, 0, 41, 26, 49, 93
6, 01110000101, 79, 51, 69, 59, 96, 0, 41, 26, 49, 93
56, 0111000011, 79, 51, 69, 59, 96, 0, 41, 26, 49
42, 011100010, 79, 51, 69, 59, 96, 0, 41, 26
95, 011100011, 79, 51, 69, 59, 96, 0, 41, 26
23, 0111001000, 79, 51, 69, 59, 96, 0, 41, 53, 19
24, 0111001001, 79, 51, 69, 59, 96, 0, 41, 53, 19
81, 011100101, 79, 51, 69, 59, 96, 0, 41, 53
72, 0111001100, 79, 51, 69, 59, 96, 0, 41, 53, 62
89, 0111001101, 79, 51, 69, 59, 96, 0, 41, 53, 62
21, 0111001110000, 79, 51, 69, 59, 96, 0, 41, 53, 62, 74, 5, 70
7, 0111001110001000, 79, 51, 69, 59, 96, 0, 41, 53, 62, 74, 5, 70, 75, 2, 11
25, 0111001110001001, 79, 51, 69, 59, 96, 0, 41, 53, 62, 74, 5, 70, 75, 2, 11
5, 011100111000101, 79, 51, 69, 59, 96, 0, 41, 53, 62, 74, 5, 70, 75, 2
4, 011100111000110, 79, 51, 69, 59, 96, 0, 41, 53, 62, 74, 5, 70, 75, 2
14, 011100111000111, 79, 51, 69, 59, 96, 0, 41, 53, 62, 74, 5, 70, 75, 2
58, 011100111001, 79, 51, 69, 59, 96, 0, 41, 53, 62, 74, 5
19, 01110011101, 79, 51, 69, 59, 96, 0, 41, 53, 62, 74
90, 01110011110, 79, 51, 69, 59, 96, 0, 41, 53, 62, 74
9, 0111001111100, 79, 51, 69, 59, 96, 0, 41, 53, 62, 74, 46, 63
8, 011100111110100, 79, 51, 69, 59, 96, 0, 41, 53, 62, 74, 46, 63, 13, 52
1, 0111001111101010, 79, 51, 69, 59, 96, 0, 41, 53, 62, 74, 46, 63, 13, 52, 20
2, 0111001111101011, 79, 51, 69, 59, 96, 0, 41, 53, 62, 74, 46, 63, 13, 52, 20
92, 01110011111011, 79, 51, 69, 59, 96, 0, 41, 53, 62, 74, 46, 63, 13
88, 01110011111100, 79, 51, 69, 59, 96, 0, 41, 53, 62, 74, 46, 63, 84
96, 01110011111101, 79, 51, 69, 59, 96, 0, 41, 53, 62, 74, 46, 63, 84
22, 0111001111111, 79, 51, 69, 59, 96, 0, 41, 53, 62, 74, 46, 63
26, 0111010, 79, 51, 69, 59, 96, 0
100, 0111011, 79, 51, 69, 59, 96, 0
40, 011110, 79, 51, 69, 59, 96
63, 01111100, 79, 51, 69, 59, 96, 90, 67
77, 01111101, 79, 51, 69, 59, 96, 90, 67
59, 01111110, 79, 51, 69, 59, 96, 90, 67
73, 011111110, 79, 51, 69, 59, 96, 90, 67, 78
82, 011111111, 79, 51, 69, 59, 96, 90, 67, 78
80, 100, 79, 21
15, 1010000, 79, 21, 57, 1, 15, 24
27, 10100010, 79, 21, 57, 1, 15, 24, 45
62, 10100011, 79, 21, 57, 1, 15, 24, 45
20, 1010010, 79, 21, 57, 1, 15, 24
99, 1010011, 79, 21, 57, 1, 15, 24
75, 10101, 79, 21, 57, 1
76, 10110, 79, 21, 57, 1
97, 10111, 79, 21, 57, 1
65, 11000, 79, 21, 7, 10
53, 1100100, 79, 21, 7, 10, 17, 43
0, 11001010, 79, 21, 7, 10, 17, 43, 89
87, 11001011, 79, 21, 7, 10, 17, 43, 89
44, 11001100, 79, 21, 7, 10, 17, 43, 28
46, 11001101, 79, 21, 7, 10, 17, 43, 28
98, 1100111, 79, 21, 7, 10, 17, 43
66, 110100, 79, 21, 7, 10, 55
94, 110101, 79, 21, 7, 10, 55
51, 11011, 79, 21, 7, 10
28, 111000, 79, 21, 7, 65, 81
55, 111001, 79, 21, 7, 65, 81
83, 11101, 79, 21, 7, 65
39, 11110, 79, 21, 7, 65
52, 11111, 79, 21, 7, 65
