90, 0000, 80, 57, 58
38, 000100000, 80, 57, 58, 8, 66, 25, 35, 11
41, 000100001, 80, 57, 58, 8, 66, 25, 35, 11
60, 00010001, 80, 57, 58, 8, 66, 25, 35
30, 0001001, 80, 57, 58, 8, 66, 25
34, 00010100, 80, 57, 58, 8, 66, 25, 32
57, 00010101, 80, 57, 58, 8, 66, 25, 32
16, 00010110, 80, 57, 58, 8, 66, 25, 32
29, 00010111, 80, 57, 58, 8, 66, 25, 32
22, 00011000, 80, 57, 58, 8, 66, 88, 31
88, 00011001, 80, 57, 58, 8, 66, 88, 31
96, 0001101, 80, 57, 58, 8, 66, 88
1, 00011100000, 80, 57, 58, 8, 66, 88, 64, 97, 12, 69
89, 00011100001, 80, 57, 58, 8, 66, 88, 64, 97, 12, 69
2, 00011100010, 80, 57, 58, 8, 66, 88, 64, 97, 12, 69
8, 00011100011, 80, 57, 58, 8, 66, 88, 64, 97, 12, 69
72, 000111001, 80, 57, 58, 8, 66, 88, 64, 97
10, 0001110100, 80, 57, 58, 8, 66, 88, 64, 97, 28
11, 00011101010, 80, 57, 58, 8, 66, 88, 64, 97, 28, 14
92, 00011101011, 80, 57, 58, 8, 66, 88, 64, 97, 28, 14
26, 000111011, 80, 57, 58, 8, 66, 88, 64, 97
42, 0001111000, 80, 57, 58, 8, 66, 88, 64, 33, 40
95, 0001111001, 80, 57, 58, 8, 66, 88, 64, 33, 40
71, 0001111010, 80, 57, 58, 8, 66, 88, 64, 33, 40
86, 0001111011, 80, 57, 58, 8, 66, 88, 64, 33, 40
23, 000111110, 80, 57, 58, 8, 66, 88, 64, 33
5, 0001111110, 80, 57, 58, 8, 66, 88, 64, 33, 29
25, 0001111111000, 80, 57, 58, 8, 66, 88, 64, 33, 29, 26, 44, 84
21, 00011111110010, 80, 57, 58, 8, 66, 88, 64, 33, 29, 26, 44, 84, 47
7, 000111111100110, 80, 57, 58, 8, 66, 88, 64, 33, 29, 26, 44, 84, 47, 37
19, 000111111100111, 80, 57, 58, 8, 66, 88, 64, 33, 29, 26, 44, 84, 47, 37
58, 0001111111010, 80, 57, 58, 8, 66, 88, 64, 33, 29, 26, 44, 84
81, 0001111111011, 80, 57, 58, 8, 66, 88, 64, 33, 29, 26, 44, 84
24, 000111111110, 80, 57, 58, 8, 66, 88, 64, 33, 29, 26, 44
49, 0001111111110, 80, 57, 58, 8, 66, 88, 64, 33, 29, 26, 44, 4
4, 00011111111110, 80, 57, 58, 8, 66, 88, 64, 33, 29, 26, 44, 4, 90
14, 00011111111111, 80, 57, 58, 8, 66, 88, 64, 33, 29, 26, 44, 4, 90
79, 00100, 80, 57, 58, 6
9, 0010100, 80, 57, 58, 6, 41, 92
35, 0010101, 80, 57, 58, 6, 41, 92
43, 0010110, 80, 57, 58, 6, 41, 92
67, 0010111, 80, 57, 58, 6, 41, 92
91, 0011, 80, 57, 58
85, 0100, 80, 57, 74
36, 01010, 80, 57, 74, 38
61, 010110, 80, 57, 74, 38, 96
3, 0101110, 80, 57, 74, 38, 96, 50
6, 0101111, 80, 57, 74, 38, 96, 50
48, 011000, 80, 57, 74, 65, 72
70, 011001, 80, 57, 74, 65, 72
32, 0110100, 80, 57, 74, 65, 72, 18
45, 0110101, 80, 57, 74, 65, 72, 18
13, 011011, 80, 57, 74, 65, 72
69, 0111000, 80, 57, 74, 65, 93, 0
84, 0111001, 80, 57, 74, 65, 93, 0
54, 0111010, 80, 57, 74, 65, 93, 0
74, 0111011, 80, 57, 74, 65, 93, 0
56, 011110, 80, 57, 74, 65, 93
31, 01111100, 80, 57, 74, 65, 93, 87, 73
64, 01111101, 80, 57, 74, 65, 93, 87, 73
18, 01111110, 80, 57, 74, 65, 93, 87, 73
47, 01111111, 80, 57, 74, 65, 93, 87, 73
39, 10000, 80, 17, 63, 46
98, 10001, 80, 17, 63, 46
51, 1001, 80, 17, 63
44, 101000000, 80, 17, 63, 2, 10, 23, 52, 51
52, 101000001, 80, 17, 63, 2, 10, 23, 52, 51
63, 101000010, 80, 17, 63, 2, 10, 23, 52, 51
40, 1010000110, 80, 17, 63, 2, 10, 23, 52, 51, 83
77, 10100001110, 80, 17, 63, 2, 10, 23, 52, 51, 83, 16
73, 1010000111100, 80, 17, 63, 2, 10, 23, 52, 51, 83, 16, 86, 55
82, 1010000111101, 80, 17, 63, 2, 10, 23, 52, 51, 83, 16, 86, 55
59, 101000011111, 80, 17, 63, 2, 10, 23, 52, 51, 83, 16, 86
80, 1010001, 80, 17, 63, 2, 10, 23
100, 101001, 80, 17, 63, 2, 10
37, 101010, 80, 17, 63, 2, 10
93, 101011, 80, 17, 63, 2, 10
83, 10110, 80, 17, 63, 2
12, 1011100, 80, 17, 63, 2, 43, 36
33, 1011101, 80, 17, 63, 2, 43, 36
55, 1011110, 80, 17, 63, 2, 43, 36
78, 1011111, 80, 17, 63, 2, 43, 36
65, 110000, 80, 17, 5, 7, 13
17, 1100010, 80, 17, 5, 7, 13, 45
68, 1100011, 80, 17, 5, 7, 13, 45
28, 11001, 80, 17, 5, 7
76, 11010, 80, 17, 5, 7
20, 1101100, 80, 17, 5, 7, 61, 34
99, 1101101, 80, 17, 5, 7, 61, 34
27, 11011100, 80, 17, 5, 7, 61, 34, 22
62, 11011101, 80, 17, 5, 7, 61, 34, 22
15, 1101111, 80, 17, 5, 7, 61, 34
66, 11100, 80, 17, 5, 71
94, 11101, 80, 17, 5, 71
0, 111100000, 80, 17, 5, 71, 49, 39, 85, 94
75, 111100001, 80, 17, 5, 71, 49, 39, 85, 94
53, 11110001, 80, 17, 5, 71, 49, 39, 85
97, 1111001, 80, 17, 5, 71, 49, 39
46, 1111010, 80, 17, 5, 71, 49, 39
87, 1111011, 80, 17, 5, 71, 49, 39
50, 11111, 80, 17, 5, 71
