97, 00, 75
83, 0100000, 75, 46, 70, 30, 31, 42
28, 010000100, 75, 46, 70, 30, 31, 42, 91, 58
55, 0100001010, 75, 46, 70, 30, 31, 42, 91, 58, 54
76, 0100001011, 75, 46, 70, 30, 31, 42, 91, 58, 54
80, 01000011, 75, 46, 70, 30, 31, 42, 91
44, 0100010, 75, 46, 70, 30, 31, 42
46, 0100011, 75, 46, 70, 30, 31, 42
51, 010010000, 75, 46, 70, 30, 31, 82, 15, 89
66, 010010001, 75, 46, 70, 30, 31, 82, 15, 89
52, 01001001, 75, 46, 70, 30, 31, 82, 15
53, 0100101, 75, 46, 70, 30, 31, 82
15, 0100110, 75, 46, 70, 30, 31, 82
27, 010011100, 75, 46, 70, 30, 31, 82, 83, 60
62, 010011101, 75, 46, 70, 30, 31, 82, 83, 60
0, 01001111000, 75, 46, 70, 30, 31, 82, 83, 60, 48, 96
75, 01001111001, 75, 46, 70, 30, 31, 82, 83, 60, 48, 96
99, 0100111101, 75, 46, 70, 30, 31, 82, 83, 60, 48
87, 0100111110, 75, 46, 70, 30, 31, 82, 83, 60, 48
94, 0100111111, 75, 46, 70, 30, 31, 82, 83, 60, 48
20, 0101, 75, 46, 70
65, 0110, 75, 46, 70
39, 01110, 75, 46, 70, 62
98, 01111, 75, 46, 70, 62
9, 1000000, 75, 19, 59, 36, 65, 33
35, 1000001, 75, 19, 59, 36, 65, 33
43, 100001, 75, 19, 59, 36, 65
19, 1000100, 75, 19, 59, 36, 65, 16
58, 10001010, 75, 19, 59, 36, 65, 16, 72
81, 10001011, 75, 19, 59, 36, 65, 16, 72
5, 100011000000, 75, 19, 59, 36, 65, 16, 55, 53, 79, 10, 22
14, 100011000001, 75, 19, 59, 36, 65, 16, 55, 53, 79, 10, 22
25, 100011000010, 75, 19, 59, 36, 65, 16, 55, 53, 79, 10, 22
4, 10001100001100, 75, 19, 59, 36, 65, 16, 55, 53, 79, 10, 22, 3, 63
7, 10001100001101, 75, 19, 59, 36, 65, 16, 55, 53, 79, 10, 22, 3, 63
24, 1000110000111, 75, 19, 59, 36, 65, 16, 55, 53, 79, 10, 22, 3
49, 1000110001, 75, 19, 59, 36, 65, 16, 55, 53, 79
21, 100011001, 75, 19, 59, 36, 65, 16, 55, 53
23, 10001101, 75, 19, 59, 36, 65, 16, 55
88, 100011100, 75, 19, 59, 36, 65, 16, 55, 18
96, 100011101, 75, 19, 59, 36, 65, 16, 55, 18
22, 10001111, 75, 19, 59, 36, 65, 16, 55
2, 100100, 75, 19, 59, 36, 38
1, 1001010, 75, 19, 59, 36, 38, 76
89, 1001011, 75, 19, 59, 36, 38, 76
10, 10011000, 75, 19, 59, 36, 38, 37, 7
11, 10011001, 75, 19, 59, 36, 38, 37, 7
92, 1001101, 75, 19, 59, 36, 38, 37
8, 100111000, 75, 19, 59, 36, 38, 37, 88, 71
72, 100111001, 75, 19, 59, 36, 38, 37, 88, 71
67, 10011101, 75, 19, 59, 36, 38, 37, 88
26, 1001111, 75, 19, 59, 36, 38, 37
13, 101000, 75, 19, 59, 2, 9
84, 101001, 75, 19, 59, 2, 9
18, 1010100, 75, 19, 59, 2, 9, 44
47, 1010101, 75, 19, 59, 2, 9, 44
3, 1010110, 75, 19, 59, 2, 9, 44
64, 1010111, 75, 19, 59, 2, 9, 44
31, 101100, 75, 19, 59, 2, 32
61, 101101, 75, 19, 59, 2, 32
6, 101110, 75, 19, 59, 2, 32
36, 101111, 75, 19, 59, 2, 32
12, 1100000, 75, 19, 4, 6, 12, 35
90, 1100001, 75, 19, 4, 6, 12, 35
30, 1100010, 75, 19, 4, 6, 12, 35
68, 1100011, 75, 19, 4, 6, 12, 35
71, 11001000, 75, 19, 4, 6, 12, 41, 87
79, 11001001, 75, 19, 4, 6, 12, 41, 87
41, 11001010, 75, 19, 4, 6, 12, 41, 87
38, 110010110, 75, 19, 4, 6, 12, 41, 87, 27
60, 110010111, 75, 19, 4, 6, 12, 41, 87, 27
34, 110011000, 75, 19, 4, 6, 12, 41, 24, 45
57, 110011001, 75, 19, 4, 6, 12, 41, 24, 45
16, 110011010, 75, 19, 4, 6, 12, 41, 24, 45
29, 110011011, 75, 19, 4, 6, 12, 41, 24, 45
17, 1100111, 75, 19, 4, 6, 12, 41
37, 110100, 75, 19, 4, 6, 52
50, 110101, 75, 19, 4, 6, 52
91, 11011, 75, 19, 4, 6
56, 1110000, 75, 19, 4, 66, 77, 68
74, 11100010, 75, 19, 4, 66, 77, 68, 47
54, 111000110, 75, 19, 4, 66, 77, 68, 47, 61
69, 111000111, 75, 19, 4, 66, 77, 68, 47, 61
32, 11100100, 75, 19, 4, 66, 77, 68, 14
45, 11100101, 75, 19, 4, 66, 77, 68, 14
48, 11100110, 75, 19, 4, 66, 77, 68, 14
70, 11100111, 75, 19, 4, 66, 77, 68, 14
93, 11101000, 75, 19, 4, 66, 77, 40, 93
95, 11101001, 75, 19, 4, 66, 77, 40, 93
42, 1110101, 75, 19, 4, 66, 77, 40
85, 11101100, 75, 19, 4, 66, 77, 40, 1
77, 1110110100, 75, 19, 4, 66, 77, 40, 1, 17, 28
82, 1110110101, 75, 19, 4, 66, 77, 40, 1, 17, 28
59, 1110110110, 75, 19, 4, 66, 77, 40, 1, 17, 28
73, 1110110111, 75, 19, 4, 66, 77, 40, 1, 17, 28
100, 1110111, 75, 19, 4, 66, 77, 40
33, 11110, 75, 19, 4, 66
40, 1111100, 75, 19, 4, 66, 39, 95
63, 1111101, 75, 19, 4, 66, 39, 95
78, 1111110, 75, 19, 4, 66, 39, 95
86, 1111111, 75, 19, 4, 66, 39, 95
