17, 000000, 83, 48, 51, 12, 41
68, 000001, 83, 48, 51, 12, 41
49, 000010, 83, 48, 51, 12, 41
69, 000011, 83, 48, 51, 12, 41
78, 0001, 83, 48, 51
93, 001000, 83, 48, 51, 8, 31
70, 0010010, 83, 48, 51, 8, 31, 4
38, 0010011000, 83, 48, 51, 8, 31, 4, 50, 92, 60
41, 0010011001, 83, 48, 51, 8, 31, 4, 50, 92, 60
60, 001001101, 83, 48, 51, 8, 31, 4, 50, 92
71, 001001110, 83, 48, 51, 8, 31, 4, 50, 92
29, 0010011110, 83, 48, 51, 8, 31, 4, 50, 92, 62
57, 0010011111, 83, 48, 51, 8, 31, 4, 50, 92, 62
65, 001010, 83, 48, 51, 8, 31
16, 001011000, 83, 48, 51, 8, 31, 91, 23, 78
34, 001011001, 83, 48, 51, 8, 31, 91, 23, 78
30, 00101101, 83, 48, 51, 8, 31, 91, 23
91, 0010111, 83, 48, 51, 8, 31, 91
23, 001100, 83, 48, 51, 8, 73
19, 00110100, 83, 48, 51, 8, 73, 16, 42
58, 00110101, 83, 48, 51, 8, 73, 16, 42
6, 0011011000, 83, 48, 51, 8, 73, 16, 42, 6, 33
36, 0011011001, 83, 48, 51, 8, 73, 16, 42, 6, 33
64, 00110110100, 83, 48, 51, 8, 73, 16, 42, 6, 33, 65
3, 001101101010, 83, 48, 51, 8, 73, 16, 42, 6, 33, 65, 71
31, 001101101011, 83, 48, 51, 8, 73, 16, 42, 6, 33, 65, 71
12, 0011011011, 83, 48, 51, 8, 73, 16, 42, 6, 33
5, 0011011100, 83, 48, 51, 8, 73, 16, 42, 6, 64
14, 0011011101, 83, 48, 51, 8, 73, 16, 42, 6, 64
25, 0011011110000, 83, 48, 51, 8, 73, 16, 42, 6, 64, 15, 45, 32
4, 00110111100010, 83, 48, 51, 8, 73, 16, 42, 6, 64, 15, 45, 32, 56
7, 00110111100011, 83, 48, 51, 8, 73, 16, 42, 6, 64, 15, 45, 32, 56
24, 001101111001, 83, 48, 51, 8, 73, 16, 42, 6, 64, 15, 45
22, 00110111101, 83, 48, 51, 8, 73, 16, 42, 6, 64, 15
21, 0011011111, 83, 48, 51, 8, 73, 16, 42, 6, 64
100, 0011100, 83, 48, 51, 8, 73, 39
56, 0011101000000, 83, 48, 51, 8, 73, 39, 85, 3, 43, 30, 99, 25
95, 0011101000001, 83, 48, 51, 8, 73, 39, 85, 3, 43, 30, 99, 25
81, 001110100001, 83, 48, 51, 8, 73, 39, 85, 3, 43, 30, 99
13, 001110100010, 83, 48, 51, 8, 73, 39, 85, 3, 43, 30, 99
48, 001110100011, 83, 48, 51, 8, 73, 39, 85, 3, 43, 30, 99
47, 001110100100, 83, 48, 51, 8, 73, 39, 85, 3, 43, 30, 20
61, 001110100101, 83, 48, 51, 8, 73, 39, 85, 3, 43, 30, 20
84, 00111010011, 83, 48, 51, 8, 73, 39, 85, 3, 43, 30
96, 001110101, 83, 48, 51, 8, 73, 39, 85, 3
86, 0011101100, 83, 48, 51, 8, 73, 39, 85, 3, 90
32, 001110110100, 83, 48, 51, 8, 73, 39, 85, 3, 90, 86, 47
45, 001110110101, 83, 48, 51, 8, 73, 39, 85, 3, 90, 86, 47
18, 00111011011, 83, 48, 51, 8, 73, 39, 85, 3, 90, 86
35, 00111011100, 83, 48, 51, 8, 73, 39, 85, 3, 90, 75
88, 00111011101, 83, 48, 51, 8, 73, 39, 85, 3, 90, 75
79, 0011101111, 83, 48, 51, 8, 73, 39, 85, 3, 90
42, 00111100, 83, 48, 51, 8, 73, 39, 80
74, 001111010, 83, 48, 51, 8, 73, 39, 80, 94
85, 001111011, 83, 48, 51, 8, 73, 39, 80, 94
54, 0011111, 83, 48, 51, 8, 73, 39
26, 01000, 83, 48, 69, 28
9, 010010, 83, 48, 69, 28, 34
10, 01001100, 83, 48, 69, 28, 34, 87, 88
2, 010011010, 83, 48, 69, 28, 34, 87, 88, 58
8, 010011011, 83, 48, 69, 28, 34, 87, 88, 58
1, 010011100, 83, 48, 69, 28, 34, 87, 88, 59
89, 010011101, 83, 48, 69, 28, 34, 87, 88, 59
72, 01001111, 83, 48, 69, 28, 34, 87, 88
43, 01010, 83, 48, 69, 28
67, 01011, 83, 48, 69, 28
90, 0110, 83, 48, 69
11, 01110, 83, 48, 69, 61
92, 01111, 83, 48, 69, 61
51, 10000, 83, 21, 57, 37
39, 100010, 83, 21, 57, 37, 66
98, 100011, 83, 21, 57, 37, 66
15, 10010, 83, 21, 57, 37
66, 100110, 83, 21, 57, 37, 40
62, 100111000, 83, 21, 57, 37, 40, 38, 89, 70
27, 1001110010, 83, 21, 57, 37, 40, 38, 89, 70, 53
99, 1001110011, 83, 21, 57, 37, 40, 38, 89, 70, 53
20, 10011101, 83, 21, 57, 37, 40, 38, 89
33, 10011110, 83, 21, 57, 37, 40, 38, 89
76, 10011111, 83, 21, 57, 37, 40, 38, 89
55, 101000, 83, 21, 57, 1, 14
28, 1010010, 83, 21, 57, 1, 14, 22
97, 1010011, 83, 21, 57, 1, 14, 22
44, 101010, 83, 21, 57, 1, 14
83, 101011, 83, 21, 57, 1, 14
52, 101100, 83, 21, 57, 1, 35
46, 10110100, 83, 21, 57, 1, 35, 97, 98
87, 10110101, 83, 21, 57, 1, 35, 97, 98
80, 10110110, 83, 21, 57, 1, 35, 97, 98
0, 101101110, 83, 21, 57, 1, 35, 97, 98, 77
53, 101101111, 83, 21, 57, 1, 35, 97, 98, 77
37, 1011100, 83, 21, 57, 1, 35, 27
50, 1011101, 83, 21, 57, 1, 35, 27
75, 1011110, 83, 21, 57, 1, 35, 27
94, 1011111, 83, 21, 57, 1, 35, 27
63, 1100, 83, 21, 7
77, 1101, 83, 21, 7
73, 111000, 83, 21, 7, 67, 84
82, 111001, 83, 21, 7, 67, 84
59, 11101, 83, 21, 7, 67
40, 1111, 83, 21, 7
