50, 00000, 78, 51, 53, 11
91, 00001, 78, 51, 53, 11
27, 000100, 78, 51, 53, 11, 63
62, 000101, 78, 51, 53, 11, 63
65, 00011, 78, 51, 53, 11
70, 001, 78, 51
38, 01000000, 78, 51, 72, 29, 31, 44, 90
41, 01000001, 78, 51, 72, 29, 31, 44, 90
37, 0100001, 78, 51, 72, 29, 31, 44
78, 010001, 78, 51, 72, 29, 31
75, 01001000, 78, 51, 72, 29, 31, 82, 14
76, 01001001, 78, 51, 72, 29, 31, 82, 14
83, 0100101, 78, 51, 72, 29, 31, 82
40, 01001100000000, 78, 51, 72, 29, 31, 82, 84, 57, 4, 54, 85, 50, 64
59, 01001100000001, 78, 51, 72, 29, 31, 82, 84, 57, 4, 54, 85, 50, 64
52, 0100110000001, 78, 51, 72, 29, 31, 82, 84, 57, 4, 54, 85, 50
63, 0100110000010, 78, 51, 72, 29, 31, 82, 84, 57, 4, 54, 85, 50
77, 01001100000110, 78, 51, 72, 29, 31, 82, 84, 57, 4, 54, 85, 50, 91
73, 010011000001110, 78, 51, 72, 29, 31, 82, 84, 57, 4, 54, 85, 50, 91, 52
82, 010011000001111, 78, 51, 72, 29, 31, 82, 84, 57, 4, 54, 85, 50, 91, 52
97, 01001100001, 78, 51, 72, 29, 31, 82, 84, 57, 4, 54
46, 0100110001, 78, 51, 72, 29, 31, 82, 84, 57, 4
80, 010011001, 78, 51, 72, 29, 31, 82, 84, 57
100, 01001101, 78, 51, 72, 29, 31, 82, 84
39, 010011100, 78, 51, 72, 29, 31, 82, 84, 58
98, 010011101, 78, 51, 72, 29, 31, 82, 84, 58
44, 01001111, 78, 51, 72, 29, 31, 82, 84
66, 01010000, 78, 51, 72, 29, 96, 3, 73
94, 01010001, 78, 51, 72, 29, 96, 3, 73
51, 0101001, 78, 51, 72, 29, 96, 3
87, 010101, 78, 51, 72, 29, 96
0, 0101100, 78, 51, 72, 29, 96, 42
20, 0101101, 78, 51, 72, 29, 96, 42
15, 010111, 78, 51, 72, 29, 96
28, 011000, 78, 51, 72, 61, 69
53, 011001, 78, 51, 72, 61, 69
93, 011010, 78, 51, 72, 61, 69
17, 0110110, 78, 51, 72, 61, 69, 16
68, 0110111, 78, 51, 72, 61, 69, 16
33, 0111000, 78, 51, 72, 61, 94, 0
55, 0111001, 78, 51, 72, 61, 94, 0
12, 0111010, 78, 51, 72, 61, 94, 0
30, 0111011, 78, 51, 72, 61, 94, 0
99, 01111, 78, 51, 72, 61
34, 100000, 78, 15, 56, 37, 67
57, 100001, 78, 15, 56, 37, 67
60, 10001, 78, 15, 56, 37
61, 1001, 78, 15, 56
45, 10100000, 78, 15, 56, 2, 12, 19, 45
86, 10100001, 78, 15, 56, 2, 12, 19, 45
13, 101000100, 78, 15, 56, 2, 12, 19, 45, 92
48, 101000101, 78, 15, 56, 2, 12, 19, 45, 92
18, 101000110, 78, 15, 56, 2, 12, 19, 45, 92
47, 101000111, 78, 15, 56, 2, 12, 19, 45, 92
56, 101001000, 78, 15, 56, 2, 12, 19, 74, 10
69, 101001001, 78, 15, 56, 2, 12, 19, 74, 10
84, 10100101, 78, 15, 56, 2, 12, 19, 74
32, 101001100, 78, 15, 56, 2, 12, 19, 74, 71
64, 101001101, 78, 15, 56, 2, 12, 19, 74, 71
95, 10100111, 78, 15, 56, 2, 12, 19, 74
31, 1010100, 78, 15, 56, 2, 12, 47
3, 101010100, 78, 15, 56, 2, 12, 47, 80, 1
6, 101010101, 78, 15, 56, 2, 12, 47, 80, 1
85, 10101011, 78, 15, 56, 2, 12, 47, 80
36, 101011, 78, 15, 56, 2, 12
54, 10110, 78, 15, 56, 2
42, 101110, 78, 15, 56, 2, 33
74, 101111, 78, 15, 56, 2, 33
71, 11000000, 78, 15, 8, 9, 13, 36, 81
79, 11000001, 78, 15, 8, 9, 13, 36, 81
16, 11000010, 78, 15, 8, 9, 13, 36, 81
29, 11000011, 78, 15, 8, 9, 13, 36, 81
88, 110001, 78, 15, 8, 9, 13
26, 11001, 78, 15, 8, 9
43, 110100, 78, 15, 8, 9, 55
67, 110101, 78, 15, 8, 9, 55
9, 1101100000, 78, 15, 8, 9, 55, 27, 75, 99, 5
35, 1101100001, 78, 15, 8, 9, 55, 27, 75, 99, 5
8, 1101100010, 78, 15, 8, 9, 55, 27, 75, 99, 5
1, 11011000110, 78, 15, 8, 9, 55, 27, 75, 99, 5, 89
2, 11011000111, 78, 15, 8, 9, 55, 27, 75, 99, 5, 89
72, 11011001, 78, 15, 8, 9, 55, 27, 75
89, 1101101, 78, 15, 8, 9, 55, 27
10, 11011100, 78, 15, 8, 9, 55, 27, 18
11, 11011101, 78, 15, 8, 9, 55, 27, 18
90, 11011110, 78, 15, 8, 9, 55, 27, 18
92, 11011111, 78, 15, 8, 9, 55, 27, 18
49, 1110, 78, 15, 8
22, 11110000, 78, 15, 8, 68, 40, 30, 86
25, 11110001000, 78, 15, 8, 68, 40, 30, 86, 95, 7, 77
4, 11110001001000, 78, 15, 8, 68, 40, 30, 86, 95, 7, 77, 26, 59, 88
7, 11110001001001, 78, 15, 8, 68, 40, 30, 86, 95, 7, 77, 26, 59, 88
24, 1111000100101, 78, 15, 8, 68, 40, 30, 86, 95, 7, 77, 26, 59
14, 111100010011, 78, 15, 8, 68, 40, 30, 86, 95, 7, 77, 26
5, 1111000101, 78, 15, 8, 68, 40, 30, 86, 95, 7
23, 111100011, 78, 15, 8, 68, 40, 30, 86, 95
19, 11110010, 78, 15, 8, 68, 40, 30, 86
21, 11110011, 78, 15, 8, 68, 40, 30, 86
58, 1111010, 78, 15, 8, 68, 40, 30
81, 1111011, 78, 15, 8, 68, 40, 30
96, 11111, 78, 15, 8, 68
