53, 00, 71
46, 0100, 71, 44, 62
51, 01010, 71, 44, 62, 26
66, 0101100, 71, 44, 62, 26, 94, 35
94, 0101101, 71, 44, 62, 26, 94, 35
87, 010111, 71, 44, 62, 26, 94
80, 01100, 71, 44, 62, 53
52, 0110100, 71, 44, 62, 53, 58, 16
0, 0110101000, 71, 44, 62, 53, 58, 16, 45, 56, 66
75, 0110101001, 71, 44, 62, 53, 58, 16, 45, 56, 66
76, 011010101, 71, 44, 62, 53, 58, 16, 45, 56
15, 01101011, 71, 44, 62, 53, 58, 16, 45
20, 01101100, 71, 44, 62, 53, 58, 16, 23
99, 01101101, 71, 44, 62, 53, 58, 16, 23
27, 01101110, 71, 44, 62, 53, 58, 16, 23
62, 01101111, 71, 44, 62, 53, 58, 16, 23
65, 01110, 71, 44, 62, 53
28, 0111100, 71, 44, 62, 53, 87, 81
97, 0111101, 71, 44, 62, 53, 87, 81
83, 01111100, 71, 44, 62, 53, 87, 81, 59
55, 011111010, 71, 44, 62, 53, 87, 81, 59, 43
63, 011111011, 71, 44, 62, 53, 87, 81, 59, 43
39, 01111110, 71, 44, 62, 53, 87, 81, 59
98, 01111111, 71, 44, 62, 53, 87, 81, 59
95, 10000, 71, 15, 50, 29
49, 1000100, 71, 15, 50, 29, 55, 11
29, 1000101000, 71, 15, 50, 29, 55, 11, 64, 10, 3
57, 1000101001, 71, 15, 50, 29, 55, 11, 64, 10, 3
38, 10001010100, 71, 15, 50, 29, 55, 11, 64, 10, 3, 42
41, 10001010101, 71, 15, 50, 29, 55, 11, 64, 10, 3, 42
17, 10001010110, 71, 15, 50, 29, 55, 11, 64, 10, 3, 42
60, 10001010111, 71, 15, 50, 29, 55, 11, 64, 10, 3, 42
16, 1000101100, 71, 15, 50, 29, 55, 11, 64, 10, 83
34, 1000101101, 71, 15, 50, 29, 55, 11, 64, 10, 83
71, 1000101110, 71, 15, 50, 29, 55, 11, 64, 10, 83
79, 1000101111, 71, 15, 50, 29, 55, 11, 64, 10, 83
31, 100011000, 71, 15, 50, 29, 55, 11, 49, 47
64, 100011001, 71, 15, 50, 29, 55, 11, 49, 47
26, 100011010, 71, 15, 50, 29, 55, 11, 49, 47
36, 1000110110, 71, 15, 50, 29, 55, 11, 49, 47, 17
3, 10001101110, 71, 15, 50, 29, 55, 11, 49, 47, 17, 39
6, 10001101111, 71, 15, 50, 29, 55, 11, 49, 47, 17, 39
100, 10001110, 71, 15, 50, 29, 55, 11, 49
18, 1000111100, 71, 15, 50, 29, 55, 11, 49, 13, 22
47, 1000111101, 71, 15, 50, 29, 55, 11, 49, 13, 22
13, 1000111110, 71, 15, 50, 29, 55, 11, 49, 13, 22
48, 1000111111, 71, 15, 50, 29, 55, 11, 49, 13, 22
42, 100100, 71, 15, 50, 29, 32
54, 1001010, 71, 15, 50, 29, 32, 72
69, 10010110, 71, 15, 50, 29, 32, 72, 79
74, 10010111, 71, 15, 50, 29, 32, 72, 79
56, 1001100, 71, 15, 50, 29, 32, 30
84, 1001101, 71, 15, 50, 29, 32, 30
61, 100111, 71, 15, 50, 29, 32
43, 10100000, 71, 15, 50, 1, 9, 19, 38
9, 101000010, 71, 15, 50, 1, 9, 19, 38, 36
35, 101000011, 71, 15, 50, 1, 9, 19, 38, 36
1, 1010001000, 71, 15, 50, 1, 9, 19, 38, 84, 52
2, 1010001001, 71, 15, 50, 1, 9, 19, 38, 84, 52
8, 101000101, 71, 15, 50, 1, 9, 19, 38, 84
72, 10100011, 71, 15, 50, 1, 9, 19, 38
14, 1010010000, 71, 15, 50, 1, 9, 19, 63, 7, 77
21, 1010010001, 71, 15, 50, 1, 9, 19, 63, 7, 77
22, 101001001, 71, 15, 50, 1, 9, 19, 63, 7
5, 10100101, 71, 15, 50, 1, 9, 19, 63
23, 10100110, 71, 15, 50, 1, 9, 19, 63
19, 1010011100, 71, 15, 50, 1, 9, 19, 63, 61, 67
4, 1010011101000, 71, 15, 50, 1, 9, 19, 63, 61, 67, 6, 90, 98
7, 1010011101001, 71, 15, 50, 1, 9, 19, 63, 61, 67, 6, 90, 98
25, 101001110101, 71, 15, 50, 1, 9, 19, 63, 61, 67, 6, 90
24, 10100111011, 71, 15, 50, 1, 9, 19, 63, 61, 67, 6
88, 1010011110, 71, 15, 50, 1, 9, 19, 63, 61, 67
96, 1010011111, 71, 15, 50, 1, 9, 19, 63, 61, 67
58, 101010, 71, 15, 50, 1, 9
81, 101011, 71, 15, 50, 1, 9
10, 1011000, 71, 15, 50, 1, 28, 97
11, 1011001, 71, 15, 50, 1, 28, 97
90, 101101, 71, 15, 50, 1, 28
89, 1011100, 71, 15, 50, 1, 28, 24
92, 1011101, 71, 15, 50, 1, 28, 24
67, 101111, 71, 15, 50, 1, 28
44, 110, 71, 15
85, 111000, 71, 15, 4, 57, 73
93, 111001, 71, 15, 4, 57, 73
40, 111010000, 71, 15, 4, 57, 73, 34, 86, 5
59, 111010001, 71, 15, 4, 57, 73, 34, 86, 5
73, 1110100100, 71, 15, 4, 57, 73, 34, 86, 5, 40
82, 1110100101, 71, 15, 4, 57, 73, 34, 86, 5, 40
77, 111010011, 71, 15, 4, 57, 73, 34, 86, 5
12, 11101010, 71, 15, 4, 57, 73, 34, 86
33, 11101011, 71, 15, 4, 57, 73, 34, 86
30, 1110110, 71, 15, 4, 57, 73, 34
68, 1110111, 71, 15, 4, 57, 73, 34
32, 11110000, 71, 15, 4, 57, 33, 27, 78
45, 11110001, 71, 15, 4, 57, 33, 27, 78
78, 11110010, 71, 15, 4, 57, 33, 27, 78
86, 11110011, 71, 15, 4, 57, 33, 27, 78
70, 1111010, 71, 15, 4, 57, 33, 27
91, 1111011, 71, 15, 4, 57, 33, 27
37, 111110, 71, 15, 4, 57, 33
50, 111111, 71, 15, 4, 57, 33
