93, 0000000, 81, 50, 52, 12, 41, 11
95, 0000001, 81, 50, 52, 12, 41, 11
17, 000001, 81, 50, 52, 12, 41
56, 0000100, 81, 50, 52, 12, 41, 53
85, 0000101, 81, 50, 52, 12, 41, 53
74, 000011, 81, 50, 52, 12, 41
33, 00010, 81, 50, 52, 12
68, 00011, 81, 50, 52, 12
12, 0010000, 81, 50, 52, 9, 32, 6
49, 001000100, 81, 50, 52, 9, 32, 6, 30, 58
69, 001000101, 81, 50, 52, 9, 32, 6, 30, 58
31, 001000110, 81, 50, 52, 9, 32, 6, 30, 58
61, 001000111, 81, 50, 52, 9, 32, 6, 30, 58
42, 00100100, 81, 50, 52, 9, 32, 6, 51
54, 00100101, 81, 50, 52, 9, 32, 6, 51
81, 0010011, 81, 50, 52, 9, 32, 6
58, 001010, 81, 50, 52, 9, 32
100, 001011, 81, 50, 52, 9, 32
40, 001100, 81, 50, 52, 9, 76
59, 001101, 81, 50, 52, 9, 76
63, 001110, 81, 50, 52, 9, 76
73, 00111100, 81, 50, 52, 9, 76, 37, 78
82, 00111101, 81, 50, 52, 9, 76, 37, 78
77, 0011111, 81, 50, 52, 9, 76, 37
35, 010000, 81, 50, 73, 31, 33
88, 010001, 81, 50, 73, 31, 33
79, 01001, 81, 50, 73, 31
96, 0101000, 81, 50, 73, 31, 95, 5
23, 010100100, 81, 50, 73, 31, 95, 5, 77, 62
24, 010100101, 81, 50, 73, 31, 95, 5, 77, 62
5, 0101001100, 81, 50, 73, 31, 95, 5, 77, 62, 7
19, 01010011010, 81, 50, 73, 31, 95, 5, 77, 62, 7, 96
14, 010100110110, 81, 50, 73, 31, 95, 5, 77, 62, 7, 96, 35
4, 0101001101110, 81, 50, 73, 31, 95, 5, 77, 62, 7, 96, 35, 87
7, 0101001101111, 81, 50, 73, 31, 95, 5, 77, 62, 7, 96, 35, 87
25, 010100111, 81, 50, 73, 31, 95, 5, 77, 62
21, 010101, 81, 50, 73, 31, 95
1, 0101100, 81, 50, 73, 31, 95, 43
89, 0101101, 81, 50, 73, 31, 95, 43
22, 010111000, 81, 50, 73, 31, 95, 43, 47, 90
48, 010111001, 81, 50, 73, 31, 95, 43, 47, 90
9, 0101110100, 81, 50, 73, 31, 95, 43, 47, 90, 27
43, 0101110101, 81, 50, 73, 31, 95, 43, 47, 90, 27
92, 010111011, 81, 50, 73, 31, 95, 43, 47, 90
67, 0101111000, 81, 50, 73, 31, 95, 43, 47, 86, 49
90, 0101111001, 81, 50, 73, 31, 95, 43, 47, 86, 49
8, 01011110100, 81, 50, 73, 31, 95, 43, 47, 86, 49, 34
72, 01011110101, 81, 50, 73, 31, 95, 43, 47, 86, 49, 34
10, 0101111011, 81, 50, 73, 31, 95, 43, 47, 86, 49
26, 0101111100, 81, 50, 73, 31, 95, 43, 47, 86, 0
11, 01011111010, 81, 50, 73, 31, 95, 43, 47, 86, 0, 56
2, 010111110110, 81, 50, 73, 31, 95, 43, 47, 86, 0, 56, 26
3, 01011111011100, 81, 50, 73, 31, 95, 43, 47, 86, 0, 56, 26, 79, 88
6, 01011111011101, 81, 50, 73, 31, 95, 43, 47, 86, 0, 56, 26, 79, 88
36, 0101111101111, 81, 50, 73, 31, 95, 43, 47, 86, 0, 56, 26, 79
64, 010111111000, 81, 50, 73, 31, 95, 43, 47, 86, 0, 28, 72
13, 0101111110010, 81, 50, 73, 31, 95, 43, 47, 86, 0, 28, 72, 65
47, 0101111110011, 81, 50, 73, 31, 95, 43, 47, 86, 0, 28, 72, 65
18, 01011111101, 81, 50, 73, 31, 95, 43, 47, 86, 0, 28
84, 0101111111, 81, 50, 73, 31, 95, 43, 47, 86, 0
91, 0110, 81, 50, 73
38, 0111000000, 81, 50, 73, 63, 92, 3, 39, 23, 48
41, 0111000001, 81, 50, 73, 63, 92, 3, 39, 23, 48
60, 011100001, 81, 50, 73, 63, 92, 3, 39, 23
71, 01110001, 81, 50, 73, 63, 92, 3, 39
29, 0111001, 81, 50, 73, 63, 92, 3
16, 0111010, 81, 50, 73, 63, 92, 3
37, 0111011, 81, 50, 73, 63, 92, 3
78, 011110000, 81, 50, 73, 63, 92, 84, 24, 29
86, 011110001, 81, 50, 73, 63, 92, 84, 24, 29
32, 0111100100, 81, 50, 73, 63, 92, 84, 24, 29, 44
45, 0111100101, 81, 50, 73, 63, 92, 84, 24, 29, 44
70, 011110011, 81, 50, 73, 63, 92, 84, 24, 29
50, 0111101, 81, 50, 73, 63, 92, 84
30, 0111110, 81, 50, 73, 63, 92, 84
34, 01111110, 81, 50, 73, 63, 92, 84, 70
57, 01111111, 81, 50, 73, 63, 92, 84, 70
97, 10000, 81, 20, 61, 36
53, 100010, 81, 20, 61, 36, 68
65, 10001100, 81, 20, 61, 36, 68, 19, 60
0, 100011010, 81, 20, 61, 36, 68, 19, 60, 59
99, 100011011, 81, 20, 61, 36, 68, 19, 60, 59
20, 1000111, 81, 20, 61, 36, 68, 19
27, 100100, 81, 20, 61, 36, 38
62, 100101, 81, 20, 61, 36, 38
15, 10011, 81, 20, 61, 36
39, 10100, 81, 20, 61, 4
98, 10101, 81, 20, 61, 4
52, 1011, 81, 20, 61
46, 11000, 81, 20, 8, 10
44, 110010, 81, 20, 8, 10, 16
83, 110011, 81, 20, 8, 10, 16
51, 11010, 81, 20, 8, 10
66, 11011, 81, 20, 8, 10
87, 111000, 81, 20, 8, 69, 83
75, 1110010, 81, 20, 8, 69, 83, 71
94, 1110011, 81, 20, 8, 69, 83, 71
80, 11101, 81, 20, 8, 69
76, 11110, 81, 20, 8, 69
28, 111110, 81, 20, 8, 69, 40
55, 111111, 81, 20, 8, 69, 40
