75, 000000, 77, 53, 55, 13, 47
76, 000001, 77, 53, 55, 13, 47
53, 00001, 77, 53, 55, 13
80, 000100, 77, 53, 55, 13, 63
94, 000101, 77, 53, 55, 13, 63
15, 000110, 77, 53, 55, 13, 63
20, 000111, 77, 53, 55, 13, 63
28, 001, 77, 53
39, 01000000, 77, 53, 71, 36, 39, 51, 91
98, 01000001, 77, 53, 71, 36, 39, 51, 91
52, 0100001, 77, 53, 71, 36, 39, 51
97, 0100010, 77, 53, 71, 36, 39, 51
0, 0100011000, 77, 53, 71, 36, 39, 51, 27, 75, 69
99, 0100011001, 77, 53, 71, 36, 39, 51, 27, 75, 69
27, 0100011010, 77, 53, 71, 36, 39, 51, 27, 75, 69
62, 0100011011, 77, 53, 71, 36, 39, 51, 27, 75, 69
66, 01000111, 77, 53, 71, 36, 39, 51, 27
55, 010010, 77, 53, 71, 36, 39
83, 010011, 77, 53, 71, 36, 39
51, 0101, 77, 53, 71
44, 0110, 77, 53, 71
46, 01110, 77, 53, 71, 61
87, 01111, 77, 53, 71, 61
22, 1000, 77, 23, 60
90, 1001000, 77, 23, 60, 43, 45, 78
92, 1001001, 77, 23, 60, 43, 45, 78
1, 1001010, 77, 23, 60, 43, 45, 78
72, 10010110, 77, 23, 60, 43, 45, 78, 85
89, 10010111, 77, 23, 60, 43, 45, 78, 85
7, 10011000, 77, 23, 60, 43, 45, 44, 12
19, 10011001, 77, 23, 60, 43, 45, 44, 12
25, 10011010, 77, 23, 60, 43, 45, 44, 12
4, 1001101100, 77, 23, 60, 43, 45, 44, 12, 96, 64
14, 1001101101, 77, 23, 60, 43, 45, 44, 12, 96, 64
5, 100110111, 77, 23, 60, 43, 45, 44, 12, 96
10, 10011100, 77, 23, 60, 43, 45, 44, 88
11, 10011101, 77, 23, 60, 43, 45, 44, 88
2, 1001111000, 77, 23, 60, 43, 45, 44, 88, 58, 38
8, 1001111001, 77, 23, 60, 43, 45, 44, 88, 58, 38
43, 1001111010, 77, 23, 60, 43, 45, 44, 88, 58, 38
9, 10011110110, 77, 23, 60, 43, 45, 44, 88, 58, 38, 9
35, 10011110111, 77, 23, 60, 43, 45, 44, 88, 58, 38, 9
67, 10011111, 77, 23, 60, 43, 45, 44, 88
88, 10100, 77, 23, 60, 3
96, 10101, 77, 23, 60, 3
21, 10110, 77, 23, 60, 3
23, 101110, 77, 23, 60, 3, 40
24, 101111, 77, 23, 60, 3, 40
79, 110000, 77, 23, 7, 10, 17
16, 1100010, 77, 23, 7, 10, 17, 42
29, 1100011, 77, 23, 7, 10, 17, 42
65, 110010, 77, 23, 7, 10, 17
13, 1100110, 77, 23, 7, 10, 17, 49
70, 1100111, 77, 23, 7, 10, 17, 49
49, 11010, 77, 23, 7, 10
58, 110110, 77, 23, 7, 10, 57
81, 110111, 77, 23, 7, 10, 57
63, 1110000, 77, 23, 7, 68, 79, 70
40, 111000100, 77, 23, 7, 68, 79, 70, 54, 62
59, 111000101, 77, 23, 7, 68, 79, 70, 54, 62
77, 111000110, 77, 23, 7, 68, 79, 70, 54, 62
73, 1110001110, 77, 23, 7, 68, 79, 70, 54, 62, 0
82, 1110001111, 77, 23, 7, 68, 79, 70, 54, 62, 0
100, 11100100, 77, 23, 7, 68, 79, 70, 19
54, 111001010, 77, 23, 7, 68, 79, 70, 19, 56
71, 111001011, 77, 23, 7, 68, 79, 70, 19, 56
33, 1110011000, 77, 23, 7, 68, 79, 70, 19, 76, 74
86, 1110011001, 77, 23, 7, 68, 79, 70, 19, 76, 74
26, 111001101, 77, 23, 7, 68, 79, 70, 19, 76
93, 1110011100, 77, 23, 7, 68, 79, 70, 19, 76, 89
95, 1110011101, 77, 23, 7, 68, 79, 70, 19, 76, 89
85, 111001111, 77, 23, 7, 68, 79, 70, 19, 76
17, 11101000, 77, 23, 7, 68, 79, 48, 93
74, 11101001, 77, 23, 7, 68, 79, 48, 93
42, 1110101, 77, 23, 7, 68, 79, 48
12, 1110110, 77, 23, 7, 68, 79, 48
61, 111011100, 77, 23, 7, 68, 79, 48, 1, 25
56, 1110111010, 77, 23, 7, 68, 79, 48, 1, 25, 30
69, 111011101100, 77, 23, 7, 68, 79, 48, 1, 25, 30, 81, 21
36, 11101110110100, 77, 23, 7, 68, 79, 48, 1, 25, 30, 81, 21, 83, 14
3, 111011101101010, 77, 23, 7, 68, 79, 48, 1, 25, 30, 81, 21, 83, 14, 67
6, 111011101101011, 77, 23, 7, 68, 79, 48, 1, 25, 30, 81, 21, 83, 14, 67
47, 1110111011011, 77, 23, 7, 68, 79, 48, 1, 25, 30, 81, 21, 83
84, 11101110111, 77, 23, 7, 68, 79, 48, 1, 25, 30, 81
18, 1110111100, 77, 23, 7, 68, 79, 48, 1, 25, 20
48, 1110111101, 77, 23, 7, 68, 79, 48, 1, 25, 20
32, 11101111100, 77, 23, 7, 68, 79, 48, 1, 25, 20, 2
64, 11101111101, 77, 23, 7, 68, 79, 48, 1, 25, 20, 2
31, 1110111111, 77, 23, 7, 68, 79, 48, 1, 25, 20
45, 1111000, 77, 23, 7, 68, 46, 37
78, 1111001, 77, 23, 7, 68, 46, 37
50, 111101, 77, 23, 7, 68, 46
38, 1111100000, 77, 23, 7, 68, 46, 95, 59, 31, 35
41, 1111100001, 77, 23, 7, 68, 46, 95, 59, 31, 35
60, 111110001, 77, 23, 7, 68, 46, 95, 59, 31
91, 11111001, 77, 23, 7, 68, 46, 95, 59
37, 1111101, 77, 23, 7, 68, 46, 95
34, 111111000, 77, 23, 7, 68, 46, 95, 41, 18
57, 111111001, 77, 23, 7, 68, 46, 95, 41, 18
30, 11111101, 77, 23, 7, 68, 46, 95, 41
68, 1111111, 77, 23, 7, 68, 46, 95
