33, 00000, 80, 56, 59, 9
55, 00001, 80, 56, 59, 9
44, 00010000, 80, 56, 59, 9, 68, 20, 32
83, 00010001, 80, 56, 59, 9, 68, 20, 32
75, 00010010, 80, 56, 59, 9, 68, 20, 32
76, 00010011, 80, 56, 59, 9, 68, 20, 32
46, 000101, 80, 56, 59, 9, 68
52, 000110000, 80, 56, 59, 9, 68, 88, 27, 22
39, 0001100010, 80, 56, 59, 9, 68, 88, 27, 22, 55
98, 0001100011, 80, 56, 59, 9, 68, 88, 27, 22, 55
80, 00011001, 80, 56, 59, 9, 68, 88, 27
93, 0001101, 80, 56, 59, 9, 68, 88
63, 00011100, 80, 56, 59, 9, 68, 88, 65
77, 000111010, 80, 56, 59, 9, 68, 88, 65, 96
82, 000111011, 80, 56, 59, 9, 68, 88, 65, 96
40, 00011110, 80, 56, 59, 9, 68, 88, 65
59, 000111110, 80, 56, 59, 9, 68, 88, 65, 31
73, 000111111, 80, 56, 59, 9, 68, 88, 65, 31
87, 00100, 80, 56, 59, 6
51, 001010, 80, 56, 59, 6, 38
66, 0010110, 80, 56, 59, 6, 38, 90
94, 0010111, 80, 56, 59, 6, 38, 90
0, 00110000, 80, 56, 59, 6, 78, 12, 39
99, 00110001, 80, 56, 59, 6, 78, 12, 39
15, 0011001, 80, 56, 59, 6, 78, 12
20, 001101, 80, 56, 59, 6, 78
27, 001110, 80, 56, 59, 6, 78
62, 001111, 80, 56, 59, 6, 78
65, 0100, 80, 56, 77
17, 01010, 80, 56, 77, 35
68, 01011, 80, 56, 77, 35
53, 0110, 80, 56, 77
28, 01110, 80, 56, 77, 66
97, 01111, 80, 56, 77, 66
30, 100000, 80, 18, 64, 43, 74
34, 1000010, 80, 18, 64, 43, 74, 41
57, 1000011, 80, 18, 64, 43, 74, 41
23, 100010, 80, 18, 64, 43, 74
43, 1000110, 80, 18, 64, 43, 74, 17
67, 1000111, 80, 18, 64, 43, 74, 17
35, 100100, 80, 18, 64, 43, 46
96, 100101, 80, 18, 64, 43, 46
88, 100110, 80, 18, 64, 43, 46
91, 100111, 80, 18, 64, 43, 46
58, 1010000, 80, 18, 64, 1, 10, 19
81, 1010001, 80, 18, 64, 1, 10, 19
49, 101001, 80, 18, 64, 1, 10
26, 1010100, 80, 18, 64, 1, 10, 52
100, 1010101, 80, 18, 64, 1, 10, 52
90, 101011, 80, 18, 64, 1, 10
16, 1011000, 80, 18, 64, 1, 40, 98
29, 1011001, 80, 18, 64, 1, 40, 98
22, 101101, 80, 18, 64, 1, 40
19, 10111000, 80, 18, 64, 1, 40, 34, 2
21, 10111001, 80, 18, 64, 1, 40, 34, 2
5, 101110100, 80, 18, 64, 1, 40, 34, 2, 70
14, 1011101010, 80, 18, 64, 1, 40, 34, 2, 70, 99
25, 101110101100, 80, 18, 64, 1, 40, 34, 2, 70, 99, 28, 16
4, 1011101011010, 80, 18, 64, 1, 40, 34, 2, 70, 99, 28, 16, 69
7, 1011101011011, 80, 18, 64, 1, 40, 34, 2, 70, 99, 28, 16, 69
24, 10111010111, 80, 18, 64, 1, 40, 34, 2, 70, 99, 28
79, 10111011, 80, 18, 64, 1, 40, 34, 2
72, 10111100, 80, 18, 64, 1, 40, 34, 0
9, 101111010, 80, 18, 64, 1, 40, 34, 0, 61
8, 1011110110, 80, 18, 64, 1, 40, 34, 0, 61, 29
92, 1011110111, 80, 18, 64, 1, 40, 34, 0, 61, 29
1, 101111100, 80, 18, 64, 1, 40, 34, 0, 93
2, 101111101, 80, 18, 64, 1, 40, 34, 0, 93
89, 10111111, 80, 18, 64, 1, 40, 34, 0
10, 11000, 80, 18, 4, 7
70, 1100100, 80, 18, 4, 7, 13, 50
78, 1100101, 80, 18, 4, 7, 13, 50
38, 11001100, 80, 18, 4, 7, 13, 50, 25
41, 11001101, 80, 18, 4, 7, 13, 50, 25
60, 1100111, 80, 18, 4, 7, 13, 50
37, 11010, 80, 18, 4, 7
50, 11011, 80, 18, 4, 7
42, 1110000, 80, 18, 4, 75, 82, 76
74, 1110001, 80, 18, 4, 75, 82, 76
71, 111001, 80, 18, 4, 75, 82
54, 111010, 80, 18, 4, 75, 82
69, 111011, 80, 18, 4, 75, 82
31, 1111000, 80, 18, 4, 75, 47, 36
61, 11110010, 80, 18, 4, 75, 47, 36, 86
64, 11110011, 80, 18, 4, 75, 47, 36, 86
36, 1111010, 80, 18, 4, 75, 47, 36
12, 11110110, 80, 18, 4, 75, 47, 36, 89
3, 111101110, 80, 18, 4, 75, 47, 36, 89, 8
6, 111101111, 80, 18, 4, 75, 47, 36, 89, 8
11, 1111100, 80, 18, 4, 75, 47, 92
95, 1111101, 80, 18, 4, 75, 47, 92
86, 11111100, 80, 18, 4, 75, 47, 92, 42
32, 111111010, 80, 18, 4, 75, 47, 92, 42, 15
45, 111111011, 80, 18, 4, 75, 47, 92, 42, 15
18, 111111100, 80, 18, 4, 75, 47, 92, 42, 5
13, 11111110100, 80, 18, 4, 75, 47, 92, 42, 5, 3, 33
47, 11111110101, 80, 18, 4, 75, 47, 92, 42, 5, 3, 33
48, 1111111011, 80, 18, 4, 75, 47, 92, 42, 5, 3
56, 1111111100, 80, 18, 4, 75, 47, 92, 42, 5, 71
85, 1111111101, 80, 18, 4, 75, 47, 92, 42, 5, 71
84, 111111111, 80, 18, 4, 75, 47, 92, 42, 5
