66, 0000, 77, 52, 54
94, 0001, 77, 52, 54
51, 0010, 77, 52, 54
0, 0011000, 77, 52, 54, 5, 68, 12
87, 0011001, 77, 52, 54, 5, 68, 12
39, 0011010, 77, 52, 54, 5, 68, 12
52, 0011011, 77, 52, 54, 5, 68, 12
27, 001110, 77, 52, 54, 5, 68
62, 001111, 77, 52, 54, 5, 68
97, 010000, 77, 52, 66, 32, 34
28, 0100010, 77, 52, 66, 32, 34, 49
55, 0100011, 77, 52, 66, 32, 34, 49
15, 010010000, 77, 52, 66, 32, 34, 82, 15, 88
20, 0100100010, 77, 52, 66, 32, 34, 82, 15, 88, 50
99, 0100100011, 77, 52, 66, 32, 34, 82, 15, 88, 50
53, 01001001, 77, 52, 66, 32, 34, 82, 15
80, 0100101, 77, 52, 66, 32, 34, 82
75, 0100110, 77, 52, 66, 32, 34, 82
76, 0100111, 77, 52, 66, 32, 34, 82
63, 010100000, 77, 52, 66, 32, 96, 1, 69, 28
77, 01010000100, 77, 52, 66, 32, 96, 1, 69, 28, 25, 92
82, 01010000101, 77, 52, 66, 32, 96, 1, 69, 28, 25, 92
59, 01010000110, 77, 52, 66, 32, 96, 1, 69, 28, 25, 92
73, 01010000111, 77, 52, 66, 32, 96, 1, 69, 28, 25, 92
40, 010100010, 77, 52, 66, 32, 96, 1, 69, 28
78, 010100011, 77, 52, 66, 32, 96, 1, 69, 28
83, 0101001, 77, 52, 66, 32, 96, 1
68, 010101, 77, 52, 66, 32, 96
46, 010110, 77, 52, 66, 32, 96
98, 010111, 77, 52, 66, 32, 96
44, 01100, 77, 52, 66, 59
12, 0110100, 77, 52, 66, 59, 64, 17
33, 0110101, 77, 52, 66, 59, 64, 17
17, 011011, 77, 52, 66, 59, 64
93, 0111, 77, 52, 66
37, 1000, 77, 16, 57
50, 1001, 77, 16, 57
88, 101000, 77, 16, 57, 0, 11
91, 101001, 77, 16, 57, 0, 11
35, 10101, 77, 16, 57, 0
95, 101100, 77, 16, 57, 0, 36
96, 101101, 77, 16, 57, 0, 36
32, 10111, 77, 16, 57, 0
9, 1100000, 77, 16, 4, 6, 13, 41
43, 1100001, 77, 16, 4, 6, 13, 41
67, 110001, 77, 16, 4, 6, 13
79, 11001, 77, 16, 4, 6
90, 110100, 77, 16, 4, 6, 56
10, 1101010, 77, 16, 4, 6, 56, 80
11, 1101011, 77, 16, 4, 6, 56, 80
72, 110110000, 77, 16, 4, 6, 56, 29, 76, 99
89, 110110001, 77, 16, 4, 6, 56, 29, 76, 99
92, 1101100100, 77, 16, 4, 6, 56, 29, 76, 99, 72
1, 11011001010, 77, 16, 4, 6, 56, 29, 76, 99, 72, 38
2, 11011001011, 77, 16, 4, 6, 56, 29, 76, 99, 72, 38
8, 110110011, 77, 16, 4, 6, 56, 29, 76, 99
5, 11011010, 77, 16, 4, 6, 56, 29, 76
22, 110110110, 77, 16, 4, 6, 56, 29, 76, 21
23, 1101101110, 77, 16, 4, 6, 56, 29, 76, 21, 51
21, 110110111100, 77, 16, 4, 6, 56, 29, 76, 21, 51, 18, 23
7, 1101101111010, 77, 16, 4, 6, 56, 29, 76, 21, 51, 18, 23, 10
19, 1101101111011, 77, 16, 4, 6, 56, 29, 76, 21, 51, 18, 23, 10
4, 1101101111100, 77, 16, 4, 6, 56, 29, 76, 21, 51, 18, 23, 75
24, 1101101111101, 77, 16, 4, 6, 56, 29, 76, 21, 51, 18, 23, 75
14, 1101101111110, 77, 16, 4, 6, 56, 29, 76, 21, 51, 18, 23, 75
25, 1101101111111, 77, 16, 4, 6, 56, 29, 76, 21, 51, 18, 23, 75
42, 1101110000, 77, 16, 4, 6, 56, 29, 19, 37, 31
54, 1101110001, 77, 16, 4, 6, 56, 29, 19, 37, 31
69, 1101110010, 77, 16, 4, 6, 56, 29, 19, 37, 31
74, 11011100110, 77, 16, 4, 6, 56, 29, 19, 37, 31, 71
85, 11011100111, 77, 16, 4, 6, 56, 29, 19, 37, 31, 71
61, 11011101, 77, 16, 4, 6, 56, 29, 19
84, 1101111000, 77, 16, 4, 6, 56, 29, 19, 62, 74
58, 11011110010, 77, 16, 4, 6, 56, 29, 19, 62, 74, 95
81, 11011110011, 77, 16, 4, 6, 56, 29, 19, 62, 74, 95
6, 11011110100, 77, 16, 4, 6, 56, 29, 19, 62, 74, 78
56, 11011110101, 77, 16, 4, 6, 56, 29, 19, 62, 74, 78
45, 11011110110, 77, 16, 4, 6, 56, 29, 19, 62, 74, 78
86, 11011110111, 77, 16, 4, 6, 56, 29, 19, 62, 74, 78
31, 1101111100, 77, 16, 4, 6, 56, 29, 19, 62, 39
36, 1101111101, 77, 16, 4, 6, 56, 29, 19, 62, 39
13, 11011111100, 77, 16, 4, 6, 56, 29, 19, 62, 39, 27
48, 11011111101, 77, 16, 4, 6, 56, 29, 19, 62, 39, 27
18, 110111111100, 77, 16, 4, 6, 56, 29, 19, 62, 39, 27, 7
47, 110111111101, 77, 16, 4, 6, 56, 29, 19, 62, 39, 27, 7
3, 110111111110, 77, 16, 4, 6, 56, 29, 19, 62, 39, 27, 7
64, 110111111111, 77, 16, 4, 6, 56, 29, 19, 62, 39, 27, 7
41, 111000, 77, 16, 4, 63, 79
70, 111001, 77, 16, 4, 63, 79
26, 111010, 77, 16, 4, 63, 79
100, 111011, 77, 16, 4, 63, 79
30, 11110000, 77, 16, 4, 63, 45, 33, 87
16, 111100010, 77, 16, 4, 63, 45, 33, 87, 94
29, 111100011, 77, 16, 4, 63, 45, 33, 87, 94
49, 1111001, 77, 16, 4, 63, 45, 33
34, 1111010, 77, 16, 4, 63, 45, 33
57, 1111011, 77, 16, 4, 63, 45, 33
65, 111110, 77, 16, 4, 63, 45
38, 11111100, 77, 16, 4, 63, 45, 93, 40
60, 11111101, 77, 16, 4, 63, 45, 93, 40
71, 1111111, 77, 16, 4, 63, 45, 93
