43, 00000, 83, 55, 58, 9
67, 00001, 83, 55, 58, 9
8, 00010, 83, 55, 58, 9
72, 000110, 83, 55, 58, 9, 67
89, 000111, 83, 55, 58, 9, 67
90, 0010, 83, 55, 58
9, 00110, 83, 55, 58, 6
11, 0011100, 83, 55, 58, 6, 76, 45
92, 0011101, 83, 55, 58, 6, 76, 45
2, 001111000, 83, 55, 58, 6, 76, 45, 81, 97
10, 001111001, 83, 55, 58, 6, 76, 45, 81, 97
1, 00111101, 83, 55, 58, 6, 76, 45, 81
3, 001111100, 83, 55, 58, 6, 76, 45, 81, 68
6, 001111101, 83, 55, 58, 6, 76, 45, 81, 68
13, 00111111, 83, 55, 58, 6, 76, 45, 81
7, 0100000, 83, 55, 74, 29, 33, 53
19, 0100001, 83, 55, 74, 29, 33, 53
21, 010001, 83, 55, 74, 29, 33
49, 01001, 83, 55, 74, 29
22, 0101000, 83, 55, 74, 29, 98, 3
35, 0101001, 83, 55, 74, 29, 98, 3
5, 01010100, 83, 55, 74, 29, 98, 3, 44
24, 0101010100, 83, 55, 74, 29, 98, 3, 44, 38, 61
4, 01010101010, 83, 55, 74, 29, 98, 3, 44, 38, 61, 26
14, 01010101011, 83, 55, 74, 29, 98, 3, 44, 38, 61, 26
25, 010101011, 83, 55, 74, 29, 98, 3, 44, 38
23, 0101011, 83, 55, 74, 29, 98, 3
88, 010110, 83, 55, 74, 29, 98
96, 010111, 83, 55, 74, 29, 98
58, 0110, 83, 55, 74
81, 0111, 83, 55, 74
15, 100000, 83, 18, 64, 41, 69
20, 100001, 83, 18, 64, 41, 69
65, 10001000, 83, 18, 64, 41, 69, 13, 78
80, 10001001, 83, 18, 64, 41, 69, 13, 78
100, 10001010, 83, 18, 64, 41, 69, 13, 78
83, 100010110, 83, 18, 64, 41, 69, 13, 78, 11
76, 10001011100, 83, 18, 64, 41, 69, 13, 78, 11, 92, 28
99, 10001011101, 83, 18, 64, 41, 69, 13, 78, 11, 92, 28
28, 1000101111, 83, 18, 64, 41, 69, 13, 78, 11, 92
33, 10001100, 83, 18, 64, 41, 69, 13, 62
55, 10001101, 83, 18, 64, 41, 69, 13, 62
12, 1000111, 83, 18, 64, 41, 69, 13
44, 100100000, 83, 18, 64, 41, 46, 84, 15, 52
46, 100100001, 83, 18, 64, 41, 46, 84, 15, 52
52, 100100010, 83, 18, 64, 41, 46, 84, 15, 52
98, 100100011, 83, 18, 64, 41, 46, 84, 15, 52
27, 100100100, 83, 18, 64, 41, 46, 84, 15, 87
62, 100100101, 83, 18, 64, 41, 46, 84, 15, 87
87, 100100110, 83, 18, 64, 41, 46, 84, 15, 87
75, 10010011100, 83, 18, 64, 41, 46, 84, 15, 87, 36, 80
51, 100100111010, 83, 18, 64, 41, 46, 84, 15, 87, 36, 80, 22
66, 1001001110110, 83, 18, 64, 41, 46, 84, 15, 87, 36, 80, 22, 73
94, 1001001110111, 83, 18, 64, 41, 46, 84, 15, 87, 36, 80, 22, 73
0, 10010011110, 83, 18, 64, 41, 46, 84, 15, 87, 36, 80
97, 10010011111, 83, 18, 64, 41, 46, 84, 15, 87, 36, 80
39, 100101, 83, 18, 64, 41, 46
17, 100110, 83, 18, 64, 41, 46
53, 100111, 83, 18, 64, 41, 46
40, 1010, 83, 18, 64
63, 10110, 83, 18, 64, 1
73, 10111000, 83, 18, 64, 1, 35, 27, 2
82, 10111001, 83, 18, 64, 1, 35, 27, 2
59, 1011101, 83, 18, 64, 1, 35, 27
77, 101111, 83, 18, 64, 1, 35
30, 11000, 83, 18, 4, 7
68, 11001, 83, 18, 4, 7
91, 11010, 83, 18, 4, 7
79, 1101100, 83, 18, 4, 7, 59, 25
16, 110110100, 83, 18, 4, 7, 59, 25, 82, 20
29, 110110101, 83, 18, 4, 7, 59, 25, 82, 20
34, 110110110, 83, 18, 4, 7, 59, 25, 82, 20
57, 110110111, 83, 18, 4, 7, 59, 25, 82, 20
38, 11011100, 83, 18, 4, 7, 59, 25, 19
41, 11011101, 83, 18, 4, 7, 59, 25, 19
60, 1101111, 83, 18, 4, 7, 59, 25
48, 111000, 83, 18, 4, 71, 85
70, 111001, 83, 18, 4, 71, 85
37, 1110100, 83, 18, 4, 71, 85, 50
50, 1110101, 83, 18, 4, 71, 85, 50
32, 11101100, 83, 18, 4, 71, 85, 50, 0
45, 11101101, 83, 18, 4, 71, 85, 50, 0
78, 11101110, 83, 18, 4, 71, 85, 50, 0
86, 11101111, 83, 18, 4, 71, 85, 50, 0
18, 11110000, 83, 18, 4, 71, 47, 30, 89
26, 11110001, 83, 18, 4, 71, 47, 30, 89
54, 11110010, 83, 18, 4, 71, 47, 30, 89
69, 11110011, 83, 18, 4, 71, 47, 30, 89
71, 111101000, 83, 18, 4, 71, 47, 30, 93, 16
74, 111101001, 83, 18, 4, 71, 47, 30, 93, 16
56, 1111010100, 83, 18, 4, 71, 47, 30, 93, 16, 65
85, 1111010101, 83, 18, 4, 71, 47, 30, 93, 16, 65
84, 111101011, 83, 18, 4, 71, 47, 30, 93, 16
93, 11110110, 83, 18, 4, 71, 47, 30, 93
95, 11110111, 83, 18, 4, 71, 47, 30, 93
42, 1111100, 83, 18, 4, 71, 47, 95
36, 11111010, 83, 18, 4, 71, 47, 95, 63
47, 11111011, 83, 18, 4, 71, 47, 95, 63
31, 11111100, 83, 18, 4, 71, 47, 95, 40
61, 11111101, 83, 18, 4, 71, 47, 95, 40
64, 1111111, 83, 18, 4, 71, 47, 95
