65, 000000, 85, 58, 59, 14, 50
79, 0000010, 85, 58, 59, 14, 50, 11
91, 0000011, 85, 58, 59, 14, 50, 11
70, 00001, 85, 58, 59, 14
17, 0001000, 85, 58, 59, 14, 66, 26
50, 000100100, 85, 58, 59, 14, 66, 26, 33, 56
38, 0001001010, 85, 58, 59, 14, 66, 26, 33, 56, 19
60, 0001001011, 85, 58, 59, 14, 66, 26, 33, 56, 19
12, 00010011, 85, 58, 59, 14, 66, 26, 33
16, 000101000, 85, 58, 59, 14, 66, 26, 30, 25
34, 0001010010, 85, 58, 59, 14, 66, 26, 30, 25, 35
57, 0001010011, 85, 58, 59, 14, 66, 26, 30, 25, 35
29, 000101010, 85, 58, 59, 14, 66, 26, 30, 25
30, 0001010110, 85, 58, 59, 14, 66, 26, 30, 25, 1
68, 0001010111, 85, 58, 59, 14, 66, 26, 30, 25, 1
26, 0001011, 85, 58, 59, 14, 66, 26
37, 000110, 85, 58, 59, 14, 66
32, 00011100, 85, 58, 59, 14, 66, 88, 63
45, 00011101, 85, 58, 59, 14, 66, 88, 63
41, 0001111, 85, 58, 59, 14, 66, 88
93, 0010, 85, 58, 59
63, 0011000, 85, 58, 59, 8, 81, 17
40, 001100100, 85, 58, 59, 8, 81, 17, 41, 10
59, 00110010100, 85, 58, 59, 8, 81, 17, 41, 10, 53, 29
73, 00110010101, 85, 58, 59, 8, 81, 17, 41, 10, 53, 29
85, 0011001011, 85, 58, 59, 8, 81, 17, 41, 10, 53
77, 001100110, 85, 58, 59, 8, 81, 17, 41, 10
82, 001100111, 85, 58, 59, 8, 81, 17, 41, 10
67, 00110100, 85, 58, 59, 8, 81, 17, 51
90, 00110101, 85, 58, 59, 8, 81, 17, 51
78, 001101100, 85, 58, 59, 8, 81, 17, 51, 7
86, 001101101, 85, 58, 59, 8, 81, 17, 51, 7
33, 00110111, 85, 58, 59, 8, 81, 17, 51
100, 00111, 85, 58, 59, 8
56, 01000, 85, 58, 76, 36
74, 01001, 85, 58, 76, 36
54, 01010, 85, 58, 76, 36
42, 0101100, 85, 58, 76, 36, 92, 52
69, 0101101000, 85, 58, 76, 36, 92, 52, 28, 73, 72
31, 01011010010, 85, 58, 76, 36, 92, 52, 28, 73, 72, 98
61, 01011010011, 85, 58, 76, 36, 92, 52, 28, 73, 72, 98
3, 0101101010, 85, 58, 76, 36, 92, 52, 28, 73, 72
64, 0101101011, 85, 58, 76, 36, 92, 52, 28, 73, 72
6, 010110110, 85, 58, 76, 36, 92, 52, 28, 73
36, 010110111, 85, 58, 76, 36, 92, 52, 28, 73
84, 0101110, 85, 58, 76, 36, 92, 52
47, 010111100, 85, 58, 76, 36, 92, 52, 55, 90
13, 0101111010, 85, 58, 76, 36, 92, 52, 55, 90, 57
48, 0101111011, 85, 58, 76, 36, 92, 52, 55, 90, 57
18, 01011111, 85, 58, 76, 36, 92, 52, 55
10, 01100000, 85, 58, 76, 64, 75, 99, 83
11, 01100001, 85, 58, 76, 64, 75, 99, 83
72, 011000100, 85, 58, 76, 64, 75, 99, 83, 62
89, 011000101, 85, 58, 76, 64, 75, 99, 83, 62
8, 011000110, 85, 58, 76, 64, 75, 99, 83, 62
92, 0110001110, 85, 58, 76, 64, 75, 99, 83, 62, 67
1, 01100011110, 85, 58, 76, 64, 75, 99, 83, 62, 67, 69
2, 01100011111, 85, 58, 76, 64, 75, 99, 83, 62, 67, 69
43, 01100100, 85, 58, 76, 64, 75, 99, 44
9, 011001010, 85, 58, 76, 64, 75, 99, 44, 80
35, 011001011, 85, 58, 76, 64, 75, 99, 44, 80
71, 0110011, 85, 58, 76, 64, 75, 99
4, 01101000, 85, 58, 76, 64, 75, 24, 60
14, 0110100100, 85, 58, 76, 64, 75, 24, 60, 79, 13
25, 0110100101, 85, 58, 76, 64, 75, 24, 60, 79, 13
5, 011010011, 85, 58, 76, 64, 75, 24, 60, 79
23, 0110101, 85, 58, 76, 64, 75, 24
22, 0110110, 85, 58, 76, 64, 75, 24
88, 0110111, 85, 58, 76, 64, 75, 24
58, 0111000, 85, 58, 76, 64, 91, 2
81, 0111001, 85, 58, 76, 64, 91, 2
95, 011101, 85, 58, 76, 64, 91
96, 0111100, 85, 58, 76, 64, 91, 87
7, 0111101000, 85, 58, 76, 64, 91, 87, 27, 12, 97
19, 0111101001, 85, 58, 76, 64, 91, 87, 27, 12, 97
21, 011110101, 85, 58, 76, 64, 91, 87, 27, 12
24, 01111011, 85, 58, 76, 64, 91, 87, 27
49, 011111, 85, 58, 76, 64, 91
44, 1000, 85, 23, 61
83, 1001, 85, 23, 61
80, 10100, 85, 23, 61, 5
52, 10101000, 85, 23, 61, 5, 16, 54, 86
97, 10101001, 85, 23, 61, 5, 16, 54, 86
55, 101010100, 85, 23, 61, 5, 16, 54, 86, 3
76, 101010101, 85, 23, 61, 5, 16, 54, 86, 3
28, 10101011, 85, 23, 61, 5, 16, 54, 86
46, 1010110, 85, 23, 61, 5, 16, 54
51, 1010111, 85, 23, 61, 5, 16, 54
39, 10110000, 85, 23, 61, 5, 42, 94, 84
20, 101100010, 85, 23, 61, 5, 42, 94, 84, 89
99, 101100011, 85, 23, 61, 5, 42, 94, 84, 89
27, 10110010, 85, 23, 61, 5, 42, 94, 84
62, 10110011, 85, 23, 61, 5, 42, 94, 84
87, 10110100, 85, 23, 61, 5, 42, 94, 96
75, 101101010, 85, 23, 61, 5, 42, 94, 96, 65
0, 1011010110, 85, 23, 61, 5, 42, 94, 96, 65, 15
53, 1011010111, 85, 23, 61, 5, 42, 94, 96, 65, 15
15, 1011011, 85, 23, 61, 5, 42, 94
66, 101110, 85, 23, 61, 5, 42
94, 101111, 85, 23, 61, 5, 42
98, 11, 85
