65, 00000, 80, 52, 53, 11
87, 0000100, 80, 52, 53, 11, 43, 54
99, 0000101, 80, 52, 53, 11, 43, 54
53, 000011000, 80, 52, 53, 11, 43, 54, 67, 17
0, 0000110010, 80, 52, 53, 11, 43, 54, 67, 17, 82
75, 0000110011, 80, 52, 53, 11, 43, 54, 67, 17, 82
15, 00001101, 80, 52, 53, 11, 43, 54, 67
97, 0000111, 80, 52, 53, 11, 43, 54
98, 00010, 80, 52, 53, 11
20, 000110, 80, 52, 53, 11, 63
66, 0001110, 80, 52, 53, 11, 63, 89
94, 0001111, 80, 52, 53, 11, 63, 89
27, 0010, 80, 52, 53
62, 0011, 80, 52, 53
52, 0100, 80, 52, 75
100, 010100, 80, 52, 75, 31, 96
28, 0101010, 80, 52, 75, 31, 96, 4
55, 0101011, 80, 52, 75, 31, 96, 4
12, 01011000, 80, 52, 75, 31, 96, 46, 24
33, 01011001, 80, 52, 75, 31, 96, 46, 24
59, 01011010000, 80, 52, 75, 31, 96, 46, 24, 70, 68, 99
73, 01011010001, 80, 52, 75, 31, 96, 46, 24, 70, 68, 99
77, 010110100100, 80, 52, 75, 31, 96, 46, 24, 70, 68, 99, 33
82, 010110100101, 80, 52, 75, 31, 96, 46, 24, 70, 68, 99, 33
63, 01011010011, 80, 52, 75, 31, 96, 46, 24, 70, 68, 99
40, 010110101, 80, 52, 75, 31, 96, 46, 24, 70
17, 01011011, 80, 52, 75, 31, 96, 46, 24
76, 01011100, 80, 52, 75, 31, 96, 46, 50
83, 01011101, 80, 52, 75, 31, 96, 46, 50
80, 0101111, 80, 52, 75, 31, 96, 46
39, 01100, 80, 52, 75, 60
46, 011010, 80, 52, 75, 60, 72
44, 0110110, 80, 52, 75, 60, 72, 20
51, 0110111, 80, 52, 75, 60, 72, 20
68, 01110, 80, 52, 75, 60
93, 01111, 80, 52, 75, 60
95, 10000, 80, 19, 58, 39
56, 100010, 80, 19, 58, 39, 69
85, 100011, 80, 19, 58, 39, 69
69, 10010, 80, 19, 58, 39
74, 10011, 80, 19, 58, 39
60, 101000000, 80, 19, 58, 1, 13, 23, 48, 47
38, 1010000010, 80, 19, 58, 1, 13, 23, 48, 47, 21
41, 1010000011, 80, 19, 58, 1, 13, 23, 48, 47, 21
29, 10100001, 80, 19, 58, 1, 13, 23, 48
34, 1010001, 80, 19, 58, 1, 13, 23
37, 10100100, 80, 19, 58, 1, 13, 23, 77
50, 10100101, 80, 19, 58, 1, 13, 23, 77
16, 1010011, 80, 19, 58, 1, 13, 23
57, 101010, 80, 19, 58, 1, 13
71, 101011, 80, 19, 58, 1, 13
30, 101100, 80, 19, 58, 1, 34
58, 101101000, 80, 19, 58, 1, 34, 97, 98, 62
26, 1011010010, 80, 19, 58, 1, 34, 97, 98, 62, 85
81, 1011010011, 80, 19, 58, 1, 34, 97, 98, 62, 85
42, 101101010, 80, 19, 58, 1, 34, 97, 98, 62
54, 1011010110, 80, 19, 58, 1, 34, 97, 98, 62, 12
84, 1011010111, 80, 19, 58, 1, 34, 97, 98, 62, 12
79, 1011011, 80, 19, 58, 1, 34, 97
18, 101110000, 80, 19, 58, 1, 34, 30, 2, 32
47, 101110001, 80, 19, 58, 1, 34, 30, 2, 32
32, 10111001, 80, 19, 58, 1, 34, 30, 2
13, 10111010, 80, 19, 58, 1, 34, 30, 2
48, 10111011, 80, 19, 58, 1, 34, 30, 2
45, 10111100, 80, 19, 58, 1, 34, 30, 0
70, 10111101, 80, 19, 58, 1, 34, 30, 0
78, 10111110, 80, 19, 58, 1, 34, 30, 0
86, 10111111, 80, 19, 58, 1, 34, 30, 0
5, 110000, 80, 19, 5, 9, 14
21, 1100010, 80, 19, 5, 9, 14, 37
4, 1100011000, 80, 19, 5, 9, 14, 37, 65, 28, 73
7, 11000110010, 80, 19, 5, 9, 14, 37, 65, 28, 73, 35
19, 11000110011, 80, 19, 5, 9, 14, 37, 65, 28, 73, 35
24, 110001101, 80, 19, 5, 9, 14, 37, 65, 28
14, 11000111, 80, 19, 5, 9, 14, 37, 65
23, 110010, 80, 19, 5, 9, 14
22, 11001100, 80, 19, 5, 9, 14, 45, 25
25, 11001101, 80, 19, 5, 9, 14, 45, 25
49, 1100111, 80, 19, 5, 9, 14, 45
31, 110100, 80, 19, 5, 9, 56
61, 110101, 80, 19, 5, 9, 56
64, 110110, 80, 19, 5, 9, 56
36, 1101110, 80, 19, 5, 9, 56, 29
3, 11011110, 80, 19, 5, 9, 56, 29, 22
6, 11011111, 80, 19, 5, 9, 56, 29, 22
96, 111000, 80, 19, 5, 71, 81
88, 1110010, 80, 19, 5, 71, 81, 74
91, 1110011, 80, 19, 5, 71, 81, 74
9, 11101000, 80, 19, 5, 71, 81, 44, 92
35, 11101001, 80, 19, 5, 71, 81, 44, 92
43, 1110101, 80, 19, 5, 71, 81, 44
67, 111011, 80, 19, 5, 71, 81
72, 11110, 80, 19, 5, 71
90, 111110, 80, 19, 5, 71, 42
1, 1111110000, 80, 19, 5, 71, 42, 94, 36, 15, 88
89, 1111110001, 80, 19, 5, 71, 42, 94, 36, 15, 88
2, 1111110010, 80, 19, 5, 71, 42, 94, 36, 15, 88
8, 1111110011, 80, 19, 5, 71, 42, 94, 36, 15, 88
10, 111111010, 80, 19, 5, 71, 42, 94, 36, 15
11, 111111011, 80, 19, 5, 71, 42, 94, 36, 15
92, 1111111, 80, 19, 5, 71, 42, 94
