39, 000, 79, 48
33, 00100, 79, 48, 49, 7
52, 00101, 79, 48, 49, 7
65, 0011, 79, 48, 49
28, 010000, 79, 48, 71, 25, 28
55, 010001, 79, 48, 71, 25, 28
76, 010010, 79, 48, 71, 25, 28
80, 010011, 79, 48, 71, 25, 28
27, 01010000, 79, 48, 71, 25, 95, 2, 74
62, 01010001, 79, 48, 71, 25, 95, 2, 74
99, 0101001, 79, 48, 71, 25, 95, 2
97, 010101, 79, 48, 71, 25, 95
15, 010110, 79, 48, 71, 25, 95
20, 010111, 79, 48, 71, 25, 95
98, 011000, 79, 48, 71, 59, 68
51, 0110010, 79, 48, 71, 59, 68, 99
75, 0110011, 79, 48, 71, 59, 68, 99
66, 011010000, 79, 48, 71, 59, 68, 20, 50, 72
94, 011010001, 79, 48, 71, 59, 68, 20, 50, 72
87, 01101001, 79, 48, 71, 59, 68, 20, 50
0, 01101010, 79, 48, 71, 59, 68, 20, 50
53, 01101011, 79, 48, 71, 59, 68, 20, 50
83, 011011, 79, 48, 71, 59, 68
46, 0111, 79, 48, 71
38, 100000000, 79, 19, 58, 36, 65, 31, 93, 80
60, 100000001, 79, 19, 58, 36, 65, 31, 93, 80
71, 10000001, 79, 19, 58, 36, 65, 31, 93
16, 10000010, 79, 19, 58, 36, 65, 31, 93
29, 10000011, 79, 19, 58, 36, 65, 31, 93
37, 1000010, 79, 19, 58, 36, 65, 31
50, 1000011, 79, 19, 58, 36, 65, 31
41, 100010, 79, 19, 58, 36, 65
34, 1000110, 79, 19, 58, 36, 65, 18
57, 1000111, 79, 19, 58, 36, 65, 18
68, 10010, 79, 19, 58, 36
30, 100110, 79, 19, 58, 36, 40
79, 100111, 79, 19, 58, 36, 40
12, 101000, 79, 19, 58, 1, 10
90, 1010010, 79, 19, 58, 1, 10, 21
10, 10100110, 79, 19, 58, 1, 10, 21, 75
11, 10100111, 79, 19, 58, 1, 10, 21, 75
9, 101010000, 79, 19, 58, 1, 10, 47, 84, 22
35, 101010001, 79, 19, 58, 1, 10, 47, 84, 22
43, 10101001, 79, 19, 58, 1, 10, 47, 84
26, 1010101, 79, 19, 58, 1, 10, 47
67, 10101100, 79, 19, 58, 1, 10, 47, 12
92, 10101101, 79, 19, 58, 1, 10, 47, 12
1, 101011100, 79, 19, 58, 1, 10, 47, 12, 32
72, 1010111010, 79, 19, 58, 1, 10, 47, 12, 32, 83
89, 1010111011, 79, 19, 58, 1, 10, 47, 12, 32, 83
2, 101011110, 79, 19, 58, 1, 10, 47, 12, 32
8, 101011111, 79, 19, 58, 1, 10, 47, 12, 32
70, 1011000, 79, 19, 58, 1, 30, 97
88, 1011001, 79, 19, 58, 1, 30, 97
24, 1011010000, 79, 19, 58, 1, 30, 97, 98, 60, 86
96, 1011010001, 79, 19, 58, 1, 30, 97, 98, 60, 86
21, 101101001, 79, 19, 58, 1, 30, 97, 98, 60
4, 101101010000, 79, 19, 58, 1, 30, 97, 98, 60, 9, 46, 87
7, 101101010001, 79, 19, 58, 1, 30, 97, 98, 60, 9, 46, 87
5, 101101010010, 79, 19, 58, 1, 30, 97, 98, 60, 9, 46, 87
14, 101101010011, 79, 19, 58, 1, 30, 97, 98, 60, 9, 46, 87
19, 1011010101000, 79, 19, 58, 1, 30, 97, 98, 60, 9, 46, 77, 57
25, 1011010101001, 79, 19, 58, 1, 30, 97, 98, 60, 9, 46, 77, 57
23, 101101010101, 79, 19, 58, 1, 30, 97, 98, 60, 9, 46, 77
22, 10110101011, 79, 19, 58, 1, 30, 97, 98, 60, 9, 46
49, 101101011, 79, 19, 58, 1, 30, 97, 98, 60
100, 1011011, 79, 19, 58, 1, 30, 97
17, 101110, 79, 19, 58, 1, 30
91, 101111, 79, 19, 58, 1, 30
40, 11000, 79, 19, 5, 8
59, 11001, 79, 19, 5, 8
73, 1101000, 79, 19, 5, 8, 53, 82
82, 1101001, 79, 19, 5, 8, 53, 82
77, 110101, 79, 19, 5, 8, 53
63, 11011, 79, 19, 5, 8
36, 111000, 79, 19, 5, 67, 81
3, 1110010000, 79, 19, 5, 67, 81, 69, 15, 51, 38
6, 1110010001, 79, 19, 5, 67, 81, 69, 15, 51, 38
61, 1110010010, 79, 19, 5, 67, 81, 69, 15, 51, 38
64, 1110010011, 79, 19, 5, 67, 81, 69, 15, 51, 38
31, 11100101, 79, 19, 5, 67, 81, 69, 15
69, 1110011, 79, 19, 5, 67, 81, 69
85, 111010, 79, 19, 5, 67, 81
42, 1110110, 79, 19, 5, 67, 81, 42
74, 1110111, 79, 19, 5, 67, 81, 42
56, 111100000, 79, 19, 5, 67, 41, 26, 88, 92
81, 111100001, 79, 19, 5, 67, 41, 26, 88, 92
54, 111100010, 79, 19, 5, 67, 41, 26, 88, 92
58, 111100011, 79, 19, 5, 67, 41, 26, 88, 92
44, 1111001, 79, 19, 5, 67, 41, 26
93, 1111010, 79, 19, 5, 67, 41, 26
95, 1111011, 79, 19, 5, 67, 41, 26
84, 1111100, 79, 19, 5, 67, 41, 91
48, 11111010, 79, 19, 5, 67, 41, 91, 56
18, 111110110, 79, 19, 5, 67, 41, 91, 56, 33
13, 1111101110, 79, 19, 5, 67, 41, 91, 56, 33, 17
47, 1111101111, 79, 19, 5, 67, 41, 91, 56, 33, 17
78, 11111100, 79, 19, 5, 67, 41, 91, 35
86, 11111101, 79, 19, 5, 67, 41, 91, 35
32, 11111110, 79, 19, 5, 67, 41, 91, 35
45, 11111111, 79, 19, 5, 67, 41, 91, 35
