82, 000000, 77, 54, 56, 10, 44
59, 0000010, 77, 54, 56, 10, 44, 8
73, 0000011, 77, 54, 56, 10, 44, 8
77, 00001, 77, 54, 56, 10
63, 0001, 77, 54, 56
40, 001, 77, 54
39, 010000, 77, 54, 69, 29, 33
53, 01000100, 77, 54, 69, 29, 33, 49, 22
76, 010001010, 77, 54, 69, 29, 33, 49, 22, 87
28, 0100010110, 77, 54, 69, 29, 33, 49, 22, 87, 64
75, 0100010111, 77, 54, 69, 29, 33, 49, 22, 87, 64
80, 0100011, 77, 54, 69, 29, 33, 49
0, 01001000, 77, 54, 69, 29, 33, 81, 15
62, 01001001, 77, 54, 69, 29, 33, 81, 15
97, 0100101, 77, 54, 69, 29, 33, 81
15, 010011, 77, 54, 69, 29, 33
27, 01010000, 77, 54, 69, 29, 93, 3, 71
99, 01010001, 77, 54, 69, 29, 93, 3, 71
98, 0101001, 77, 54, 69, 29, 93, 3
20, 010101, 77, 54, 69, 29, 93
46, 0101100, 77, 54, 69, 29, 93, 48
87, 0101101, 77, 54, 69, 29, 93, 48
66, 010111000, 77, 54, 69, 29, 93, 48, 53, 88
94, 010111001, 77, 54, 69, 29, 93, 48, 53, 88
51, 01011101, 77, 54, 69, 29, 93, 48, 53
44, 0101111, 77, 54, 69, 29, 93, 48
65, 0110000, 77, 54, 69, 62, 67, 99
100, 0110001, 77, 54, 69, 62, 67, 99
70, 01100100, 77, 54, 69, 62, 67, 99, 36
91, 01100101, 77, 54, 69, 62, 67, 99, 36
37, 011001100, 77, 54, 69, 62, 67, 99, 36, 30
50, 011001101, 77, 54, 69, 62, 67, 99, 36, 30
78, 01100111, 77, 54, 69, 62, 67, 99, 36
55, 01101, 77, 54, 69, 62
93, 01110, 77, 54, 69, 62
17, 01111000, 77, 54, 69, 62, 89, 84, 20
30, 011110010, 77, 54, 69, 62, 89, 84, 20, 26
68, 011110011, 77, 54, 69, 62, 89, 84, 20, 26
33, 01111010, 77, 54, 69, 62, 89, 84, 20
12, 011110110, 77, 54, 69, 62, 89, 84, 20, 9
83, 011110111, 77, 54, 69, 62, 89, 84, 20, 9
52, 011111, 77, 54, 69, 62, 89
16, 100000, 77, 17, 61, 39, 65
29, 100001, 77, 17, 61, 39, 65
34, 100010, 77, 17, 61, 39, 65
57, 100011, 77, 17, 61, 39, 65
60, 10010, 77, 17, 61, 39
38, 100110, 77, 17, 61, 39, 41
41, 100111, 77, 17, 61, 39, 41
71, 1010000, 77, 17, 61, 1, 11, 19
79, 1010001, 77, 17, 61, 1, 11, 19
42, 1010010, 77, 17, 61, 1, 11, 19
95, 1010011, 77, 17, 61, 1, 11, 19
7, 1010100000, 77, 17, 61, 1, 11, 52, 80, 24, 51
19, 1010100001, 77, 17, 61, 1, 11, 52, 80, 24, 51
49, 101010001, 77, 17, 61, 1, 11, 52, 80, 24
21, 10101001, 77, 17, 61, 1, 11, 52, 80
5, 1010101, 77, 17, 61, 1, 11, 52
58, 1010110, 77, 17, 61, 1, 11, 52
81, 1010111, 77, 17, 61, 1, 11, 52
96, 101100, 77, 17, 61, 1, 34
35, 1011010, 77, 17, 61, 1, 34, 94
88, 1011011, 77, 17, 61, 1, 34, 94
4, 1011100000, 77, 17, 61, 1, 34, 28, 2, 31, 23
24, 1011100001, 77, 17, 61, 1, 34, 28, 2, 31, 23
22, 10111000100, 77, 17, 61, 1, 34, 28, 2, 31, 23, 73
14, 101110001010, 77, 17, 61, 1, 34, 28, 2, 31, 23, 73, 32
25, 101110001011, 77, 17, 61, 1, 34, 28, 2, 31, 23, 73, 32
23, 1011100011, 77, 17, 61, 1, 34, 28, 2, 31, 23
67, 101110010, 77, 17, 61, 1, 34, 28, 2, 31
9, 1011100110, 77, 17, 61, 1, 34, 28, 2, 31, 86
43, 1011100111, 77, 17, 61, 1, 34, 28, 2, 31, 86
32, 10111010, 77, 17, 61, 1, 34, 28, 2
86, 10111011, 77, 17, 61, 1, 34, 28, 2
1, 101111000, 77, 17, 61, 1, 34, 28, 0, 60
89, 101111001, 77, 17, 61, 1, 34, 28, 0, 60
26, 101111010, 77, 17, 61, 1, 34, 28, 0, 60
90, 1011110110, 77, 17, 61, 1, 34, 28, 0, 60, 27
2, 1011110111000, 77, 17, 61, 1, 34, 28, 0, 60, 27, 12, 92, 98
8, 1011110111001, 77, 17, 61, 1, 34, 28, 0, 60, 27, 12, 92, 98
92, 101111011101, 77, 17, 61, 1, 34, 28, 0, 60, 27, 12, 92
72, 10111101111, 77, 17, 61, 1, 34, 28, 0, 60, 27, 12
10, 10111110, 77, 17, 61, 1, 34, 28, 0
11, 10111111, 77, 17, 61, 1, 34, 28, 0
13, 110000, 77, 17, 6, 7, 14
48, 110001, 77, 17, 6, 7, 14
3, 1100100, 77, 17, 6, 7, 14, 47
47, 1100101, 77, 17, 6, 7, 14, 47
36, 110011, 77, 17, 6, 7, 14
18, 110100, 77, 17, 6, 7, 57
45, 110101, 77, 17, 6, 7, 57
84, 11011, 77, 17, 6, 7
56, 1110000, 77, 17, 6, 66, 78, 68
85, 1110001, 77, 17, 6, 66, 78, 68
69, 111001, 77, 17, 6, 66, 78
54, 111010, 77, 17, 6, 66, 78
74, 111011, 77, 17, 6, 66, 78
6, 11110, 77, 17, 6, 66
31, 111110, 77, 17, 6, 66, 42
61, 1111110, 77, 17, 6, 66, 42, 90
64, 1111111, 77, 17, 6, 66, 42, 90
