70, 00, 78
15, 0100000, 78, 50, 72, 27, 33, 44
99, 010000100, 78, 50, 72, 27, 33, 44, 86, 55
27, 0100001010, 78, 50, 72, 27, 33, 44, 86, 55, 53
62, 0100001011, 78, 50, 72, 27, 33, 44, 86, 55, 53
20, 01000011, 78, 50, 72, 27, 33, 44, 86
76, 010001000, 78, 50, 72, 27, 33, 44, 20, 87
0, 010001001000, 78, 50, 72, 27, 33, 44, 20, 87, 57, 23, 22
75, 010001001001, 78, 50, 72, 27, 33, 44, 20, 87, 57, 23, 22
80, 01000100101, 78, 50, 72, 27, 33, 44, 20, 87, 57, 23
52, 0100010011, 78, 50, 72, 27, 33, 44, 20, 87, 57
46, 0100010100, 78, 50, 72, 27, 33, 44, 20, 87, 63
87, 0100010101, 78, 50, 72, 27, 33, 44, 20, 87, 63
98, 010001011, 78, 50, 72, 27, 33, 44, 20, 87
44, 0100011000, 78, 50, 72, 27, 33, 44, 20, 75, 69
83, 0100011001, 78, 50, 72, 27, 33, 44, 20, 75, 69
51, 010001101, 78, 50, 72, 27, 33, 44, 20, 75
55, 01000111, 78, 50, 72, 27, 33, 44, 20
33, 01001000, 78, 50, 72, 27, 33, 81, 13
78, 01001001, 78, 50, 72, 27, 33, 81, 13
28, 01001010, 78, 50, 72, 27, 33, 81, 13
97, 01001011, 78, 50, 72, 27, 33, 81, 13
39, 010011, 78, 50, 72, 27, 33
40, 010100, 78, 50, 72, 27, 94
59, 010101, 78, 50, 72, 27, 94
77, 0101100, 78, 50, 72, 27, 94, 43
73, 01011010, 78, 50, 72, 27, 94, 43, 19
82, 01011011, 78, 50, 72, 27, 94, 43, 19
63, 010111, 78, 50, 72, 27, 94
65, 01100, 78, 50, 72, 58
91, 01101, 78, 50, 72, 58
17, 011100000, 78, 50, 72, 58, 90, 0, 38, 18
38, 011100001, 78, 50, 72, 58, 90, 0, 38, 18
37, 011100010, 78, 50, 72, 58, 90, 0, 38, 18
50, 011100011, 78, 50, 72, 58, 90, 0, 38, 18
41, 01110010, 78, 50, 72, 58, 90, 0, 38
30, 011100110, 78, 50, 72, 58, 90, 0, 38, 51
68, 011100111, 78, 50, 72, 58, 90, 0, 38, 51
93, 011101, 78, 50, 72, 58, 90
53, 011110, 78, 50, 72, 58, 90
66, 0111110, 78, 50, 72, 58, 90, 83
94, 0111111, 78, 50, 72, 58, 90, 83
35, 10000, 78, 14, 56, 36
79, 10001, 78, 14, 56, 36
60, 10010, 78, 14, 56, 36
12, 100110, 78, 14, 56, 36, 39
34, 10011100, 78, 14, 56, 36, 39, 37, 84
57, 10011101, 78, 14, 56, 36, 39, 37, 84
16, 100111100, 78, 14, 56, 36, 39, 37, 84, 54
29, 100111101, 78, 14, 56, 36, 39, 37, 84, 54
11, 10011111, 78, 14, 56, 36, 39, 37, 84
67, 10100, 78, 14, 56, 3
72, 101010, 78, 14, 56, 3, 10
89, 101011, 78, 14, 56, 3, 10
88, 1011000, 78, 14, 56, 3, 34, 96
96, 1011001, 78, 14, 56, 3, 34, 96
22, 101101, 78, 14, 56, 3, 34
26, 10111000, 78, 14, 56, 3, 34, 26, 4
100, 10111001, 78, 14, 56, 3, 34, 26, 4
9, 1011101000, 78, 14, 56, 3, 34, 26, 4, 59, 99
43, 1011101001, 78, 14, 56, 3, 34, 26, 4, 59, 99
8, 10111010100, 78, 14, 56, 3, 34, 26, 4, 59, 99, 24
1, 101110101010, 78, 14, 56, 3, 34, 26, 4, 59, 99, 24, 46
2, 101110101011, 78, 14, 56, 3, 34, 26, 4, 59, 99, 24, 46
10, 1011101011, 78, 14, 56, 3, 34, 26, 4, 59, 99
24, 101110110, 78, 14, 56, 3, 34, 26, 4, 59
14, 10111011100, 78, 14, 56, 3, 34, 26, 4, 59, 9, 7
25, 10111011101, 78, 14, 56, 3, 34, 26, 4, 59, 9, 7
23, 10111011110, 78, 14, 56, 3, 34, 26, 4, 59, 9, 7
49, 101110111110, 78, 14, 56, 3, 34, 26, 4, 59, 9, 7, 32
7, 1011101111110000, 78, 14, 56, 3, 34, 26, 4, 59, 9, 7, 32, 95, 60, 71, 76
19, 1011101111110001, 78, 14, 56, 3, 34, 26, 4, 59, 9, 7, 32, 95, 60, 71, 76
21, 101110111111001, 78, 14, 56, 3, 34, 26, 4, 59, 9, 7, 32, 95, 60, 71
81, 10111011111101, 78, 14, 56, 3, 34, 26, 4, 59, 9, 7, 32, 95, 60
4, 10111011111110, 78, 14, 56, 3, 34, 26, 4, 59, 9, 7, 32, 95, 60
5, 10111011111111, 78, 14, 56, 3, 34, 26, 4, 59, 9, 7, 32, 95, 60
90, 1011110, 78, 14, 56, 3, 34, 26
92, 1011111, 78, 14, 56, 3, 34, 26
84, 11000, 78, 14, 6, 8
61, 1100100, 78, 14, 6, 8, 11, 42
64, 1100101, 78, 14, 6, 8, 11, 42
69, 11001100, 78, 14, 6, 8, 11, 42, 21
36, 110011010, 78, 14, 6, 8, 11, 42, 21, 47
3, 1100110110, 78, 14, 6, 8, 11, 42, 21, 47, 93
6, 1100110111, 78, 14, 6, 8, 11, 42, 21, 47, 93
54, 11001110, 78, 14, 6, 8, 11, 42, 21
74, 11001111, 78, 14, 6, 8, 11, 42, 21
56, 11010000, 78, 14, 6, 8, 52, 80, 62
85, 11010001, 78, 14, 6, 8, 52, 80, 62
86, 1101001, 78, 14, 6, 8, 52, 80
71, 110101, 78, 14, 6, 8, 52
58, 110110, 78, 14, 6, 8, 52
42, 1101110, 78, 14, 6, 8, 52, 25
95, 1101111, 78, 14, 6, 8, 52, 25
31, 11100, 78, 14, 6, 66
32, 1110100, 78, 14, 6, 66, 79, 41
45, 1110101, 78, 14, 6, 66, 79, 41
18, 111011, 78, 14, 6, 66, 79
13, 111100, 78, 14, 6, 66, 40
47, 111101, 78, 14, 6, 66, 40
48, 11111, 78, 14, 6, 66
