53, 0000000, 76, 49, 51, 14, 42, 12
87, 0000001, 76, 49, 51, 14, 42, 12
80, 000001, 76, 49, 51, 14, 42
15, 00001000, 76, 49, 51, 14, 42, 52, 53
20, 00001001, 76, 49, 51, 14, 42, 52, 53
0, 000010100, 76, 49, 51, 14, 42, 52, 53, 26
99, 000010101, 76, 49, 51, 14, 42, 52, 53, 26
98, 00001011, 76, 49, 51, 14, 42, 52, 53
27, 0000110, 76, 49, 51, 14, 42, 52
62, 0000111, 76, 49, 51, 14, 42, 52
46, 000100, 76, 49, 51, 14, 60
51, 000101, 76, 49, 51, 14, 60
52, 00011, 76, 49, 51, 14
66, 0010, 76, 49, 51
94, 0011, 76, 49, 51
39, 010, 76, 49
33, 01100, 76, 49, 66, 58
55, 01101, 76, 49, 66, 58
44, 0111000, 76, 49, 66, 58, 93, 1
83, 0111001, 76, 49, 66, 58, 93, 1
75, 0111010, 76, 49, 66, 58, 93, 1
76, 0111011, 76, 49, 66, 58, 93, 1
28, 011110, 76, 49, 66, 58, 93
97, 011111, 76, 49, 66, 58, 93
36, 100, 76, 21
71, 1010000000, 76, 21, 56, 4, 16, 24, 44, 43, 22
84, 1010000001, 76, 21, 56, 4, 16, 24, 44, 43, 22
54, 101000001000, 76, 21, 56, 4, 16, 24, 44, 43, 22, 6, 20
74, 101000001001, 76, 21, 56, 4, 16, 24, 44, 43, 22, 6, 20
69, 10100000101, 76, 21, 56, 4, 16, 24, 44, 43, 22, 6
42, 1010000011, 76, 21, 56, 4, 16, 24, 44, 43, 22
56, 101000010, 76, 21, 56, 4, 16, 24, 44, 43
85, 101000011, 76, 21, 56, 4, 16, 24, 44, 43
93, 10100010, 76, 21, 56, 4, 16, 24, 44
95, 10100011, 76, 21, 56, 4, 16, 24, 44
32, 101001000, 76, 21, 56, 4, 16, 24, 67, 13
86, 101001001, 76, 21, 56, 4, 16, 24, 67, 13
26, 10100101, 76, 21, 56, 4, 16, 24, 67
79, 1010011, 76, 21, 56, 4, 16, 24
78, 1010100, 76, 21, 56, 4, 16, 46
37, 10101010, 76, 21, 56, 4, 16, 46, 78
50, 10101011, 76, 21, 56, 4, 16, 46, 78
17, 10101100, 76, 21, 56, 4, 16, 46, 18
29, 10101101, 76, 21, 56, 4, 16, 46, 18
30, 1010111000, 76, 21, 56, 4, 16, 46, 18, 37, 77
68, 1010111001, 76, 21, 56, 4, 16, 46, 18, 37, 77
34, 101011101, 76, 21, 56, 4, 16, 46, 18, 37
16, 1010111100, 76, 21, 56, 4, 16, 46, 18, 37, 7
57, 1010111101, 76, 21, 56, 4, 16, 46, 18, 37, 7
41, 10101111100, 76, 21, 56, 4, 16, 46, 18, 37, 7, 88
38, 101011111010, 76, 21, 56, 4, 16, 46, 18, 37, 7, 88, 86
60, 101011111011, 76, 21, 56, 4, 16, 46, 18, 37, 7, 88, 86
45, 1010111111, 76, 21, 56, 4, 16, 46, 18, 37, 7
96, 1011000, 76, 21, 56, 4, 36, 98
65, 10110010, 76, 21, 56, 4, 36, 98, 73
88, 10110011, 76, 21, 56, 4, 36, 98, 73
9, 10110100000, 76, 21, 56, 4, 36, 98, 99, 59, 82, 54
1, 1011010000100, 76, 21, 56, 4, 36, 98, 99, 59, 82, 54, 84, 50
89, 1011010000101, 76, 21, 56, 4, 36, 98, 99, 59, 82, 54, 84, 50
2, 101101000011, 76, 21, 56, 4, 36, 98, 99, 59, 82, 54, 84
92, 1011010001, 76, 21, 56, 4, 36, 98, 99, 59, 82
11, 1011010010, 76, 21, 56, 4, 36, 98, 99, 59, 82
90, 1011010011, 76, 21, 56, 4, 36, 98, 99, 59, 82
35, 101101010, 76, 21, 56, 4, 36, 98, 99, 59
43, 101101011, 76, 21, 56, 4, 36, 98, 99, 59
12, 10110110, 76, 21, 56, 4, 36, 98, 99
23, 1011011100, 76, 21, 56, 4, 36, 98, 99, 71, 97
5, 101101110100, 76, 21, 56, 4, 36, 98, 99, 71, 97, 74, 33
14, 10110111010100, 76, 21, 56, 4, 36, 98, 99, 71, 97, 74, 33, 87, 45
49, 10110111010101, 76, 21, 56, 4, 36, 98, 99, 71, 97, 74, 33, 87, 45
19, 101101110101100, 76, 21, 56, 4, 36, 98, 99, 71, 97, 74, 33, 87, 45, 35
21, 101101110101101, 76, 21, 56, 4, 36, 98, 99, 71, 97, 74, 33, 87, 45, 35
24, 101101110101110, 76, 21, 56, 4, 36, 98, 99, 71, 97, 74, 33, 87, 45, 35
4, 10110111010111100, 76, 21, 56, 4, 36, 98, 99, 71, 97, 74, 33, 87, 45, 35, 61, 95
7, 10110111010111101, 76, 21, 56, 4, 36, 98, 99, 71, 97, 74, 33, 87, 45, 35, 61, 95
25, 1011011101011111, 76, 21, 56, 4, 36, 98, 99, 71, 97, 74, 33, 87, 45, 35, 61
100, 10110111011, 76, 21, 56, 4, 36, 98, 99, 71, 97, 74
10, 10110111100, 76, 21, 56, 4, 36, 98, 99, 71, 97, 48
8, 101101111010, 76, 21, 56, 4, 36, 98, 99, 71, 97, 48, 63
67, 101101111011, 76, 21, 56, 4, 36, 98, 99, 71, 97, 48, 63
22, 10110111110, 76, 21, 56, 4, 36, 98, 99, 71, 97, 48
72, 10110111111, 76, 21, 56, 4, 36, 98, 99, 71, 97, 48
48, 10111000, 76, 21, 56, 4, 36, 30, 5
91, 10111001, 76, 21, 56, 4, 36, 30, 5
70, 1011101, 76, 21, 56, 4, 36, 30
64, 101111000, 76, 21, 56, 4, 36, 30, 3, 55
31, 1011110010, 76, 21, 56, 4, 36, 30, 3, 55, 8
61, 1011110011, 76, 21, 56, 4, 36, 30, 3, 55, 8
13, 10111101000, 76, 21, 56, 4, 36, 30, 3, 55, 29, 64
47, 10111101001, 76, 21, 56, 4, 36, 30, 3, 55, 29, 64
18, 1011110101, 76, 21, 56, 4, 36, 30, 3, 55, 29
3, 1011110110, 76, 21, 56, 4, 36, 30, 3, 55, 29
6, 1011110111, 76, 21, 56, 4, 36, 30, 3, 55, 29
58, 10111110, 76, 21, 56, 4, 36, 30, 3
81, 10111111, 76, 21, 56, 4, 36, 30, 3
73, 1100000, 76, 21, 9, 11, 19, 38
82, 1100001, 76, 21, 9, 11, 19, 38
77, 110001, 76, 21, 9, 11, 19
59, 11001, 76, 21, 9, 11
40, 1101, 76, 21, 9
63, 111, 76, 21
