51, 00000, 78, 44, 46, 11
87, 000010, 78, 44, 46, 11, 38
94, 000011, 78, 44, 46, 11, 38
44, 00010, 78, 44, 46, 11
46, 00011, 78, 44, 46, 11
28, 001000, 78, 44, 46, 8, 29
97, 001001, 78, 44, 46, 8, 29
55, 001010, 78, 44, 46, 8, 29
0, 00101100, 78, 44, 46, 8, 29, 89, 24
80, 00101101, 78, 44, 46, 8, 29, 89, 24
75, 001011100, 78, 44, 46, 8, 29, 89, 24, 73
83, 001011101, 78, 44, 46, 8, 29, 89, 24, 73
76, 00101111, 78, 44, 46, 8, 29, 89, 24
17, 001100, 78, 44, 46, 8, 68
53, 001101, 78, 44, 46, 8, 68
52, 00111, 78, 44, 46, 8
99, 010000, 78, 44, 67, 28, 30
27, 0100010, 78, 44, 67, 28, 30, 42
62, 0100011, 78, 44, 67, 28, 30, 42
65, 01001, 78, 44, 67, 28
39, 01010, 78, 44, 67, 28
98, 01011, 78, 44, 67, 28
66, 0110, 78, 44, 67
15, 01110, 78, 44, 67, 54
20, 01111, 78, 44, 67, 54
26, 1000000, 78, 19, 53, 35, 63, 32
100, 1000001, 78, 19, 53, 35, 63, 32
84, 10000100, 78, 19, 53, 35, 63, 32, 57
93, 10000101, 78, 19, 53, 35, 63, 32, 57
42, 1000011000, 78, 19, 53, 35, 63, 32, 57, 96, 5
95, 10000110010, 78, 19, 53, 35, 63, 32, 57, 96, 5, 21
56, 100001100110, 78, 19, 53, 35, 63, 32, 57, 96, 5, 21, 88
85, 100001100111, 78, 19, 53, 35, 63, 32, 57, 96, 5, 21, 88
54, 10000110100, 78, 19, 53, 35, 63, 32, 57, 96, 5, 75
69, 10000110101, 78, 19, 53, 35, 63, 32, 57, 96, 5, 75
74, 1000011011, 78, 19, 53, 35, 63, 32, 57, 96, 5
6, 1000011100, 78, 19, 53, 35, 63, 32, 57, 96, 83
36, 1000011101, 78, 19, 53, 35, 63, 32, 57, 96, 83
58, 10000111100, 78, 19, 53, 35, 63, 32, 57, 96, 83, 18
81, 10000111101, 78, 19, 53, 35, 63, 32, 57, 96, 83, 18
3, 1000011111000, 78, 19, 53, 35, 63, 32, 57, 96, 83, 18, 48, 1
64, 1000011111001, 78, 19, 53, 35, 63, 32, 57, 96, 83, 18, 48, 1
31, 1000011111010, 78, 19, 53, 35, 63, 32, 57, 96, 83, 18, 48, 1
61, 1000011111011, 78, 19, 53, 35, 63, 32, 57, 96, 83, 18, 48, 1
13, 100001111110, 78, 19, 53, 35, 63, 32, 57, 96, 83, 18, 48
47, 100001111111, 78, 19, 53, 35, 63, 32, 57, 96, 83, 18, 48
63, 1000100, 78, 19, 53, 35, 63, 17
77, 10001010, 78, 19, 53, 35, 63, 17, 69
73, 100010110, 78, 19, 53, 35, 63, 17, 69, 16
82, 100010111, 78, 19, 53, 35, 63, 17, 69, 16
59, 100011, 78, 19, 53, 35, 63
40, 10010, 78, 19, 53, 35
71, 100110, 78, 19, 53, 35, 37
79, 100111, 78, 19, 53, 35, 37
12, 10100, 78, 19, 53, 3
33, 10101, 78, 19, 53, 3
30, 10110000, 78, 19, 53, 3, 31, 98, 77
68, 10110001, 78, 19, 53, 3, 31, 98, 77
57, 1011001, 78, 19, 53, 3, 31, 98
78, 1011010000, 78, 19, 53, 3, 31, 98, 99, 55, 84
86, 1011010001, 78, 19, 53, 3, 31, 98, 99, 55, 84
45, 101101001, 78, 19, 53, 3, 31, 98, 99, 55
18, 101101010, 78, 19, 53, 3, 31, 98, 99, 55
32, 101101011, 78, 19, 53, 3, 31, 98, 99, 55
48, 10110110, 78, 19, 53, 3, 31, 98, 99
70, 10110111, 78, 19, 53, 3, 31, 98, 99
37, 1011100, 78, 19, 53, 3, 31, 27
50, 1011101, 78, 19, 53, 3, 31, 27
60, 10111100, 78, 19, 53, 3, 31, 27, 2
38, 101111010, 78, 19, 53, 3, 31, 27, 2, 51
41, 101111011, 78, 19, 53, 3, 31, 27, 2, 51
34, 1011111, 78, 19, 53, 3, 31, 27
11, 1100000, 78, 19, 7, 10, 15, 34
90, 1100001, 78, 19, 7, 10, 15, 34
92, 110001, 78, 19, 7, 10, 15
1, 11001000, 78, 19, 7, 10, 15, 40, 85
89, 11001001, 78, 19, 7, 10, 15, 40, 85
10, 1100101, 78, 19, 7, 10, 15, 40
72, 110011, 78, 19, 7, 10, 15
9, 1101000, 78, 19, 7, 10, 50, 80
43, 1101001, 78, 19, 7, 10, 50, 80
35, 110101, 78, 19, 7, 10, 50
8, 1101100, 78, 19, 7, 10, 50, 26
67, 1101101, 78, 19, 7, 10, 50, 26
2, 1101110, 78, 19, 7, 10, 50, 26
16, 11011110, 78, 19, 7, 10, 50, 26, 20
29, 11011111, 78, 19, 7, 10, 50, 26, 20
7, 1110000, 78, 19, 7, 65, 79, 66
21, 1110001, 78, 19, 7, 65, 79, 66
19, 111001, 78, 19, 7, 65, 79
22, 11101000, 78, 19, 7, 65, 79, 39, 92
96, 11101001, 78, 19, 7, 65, 79, 39, 92
5, 111010100, 78, 19, 7, 65, 79, 39, 92, 76
25, 1110101010, 78, 19, 7, 65, 79, 39, 92, 76, 52
24, 11101010110, 78, 19, 7, 65, 79, 39, 92, 76, 52, 22
4, 111010101110, 78, 19, 7, 65, 79, 39, 92, 76, 52, 22, 33
14, 111010101111, 78, 19, 7, 65, 79, 39, 92, 76, 52, 22, 33
23, 11101011, 78, 19, 7, 65, 79, 39, 92
88, 1110110, 78, 19, 7, 65, 79, 39
91, 1110111, 78, 19, 7, 65, 79, 39
49, 1111, 78, 19, 7
