44, 000000, 85, 53, 55, 9, 43
83, 000001, 85, 53, 55, 9, 43
97, 000010, 85, 53, 55, 9, 43
59, 0000110, 85, 53, 55, 9, 43, 56
73, 000011100, 85, 53, 55, 9, 43, 56, 71, 18
82, 000011101, 85, 53, 55, 9, 43, 56, 71, 18
77, 00001111, 85, 53, 55, 9, 43, 56, 71
33, 00010, 85, 53, 55, 9
55, 00011, 85, 53, 55, 9
98, 0010, 85, 53, 55
15, 001100000, 85, 53, 55, 5, 77, 12, 34, 64
20, 00110000100, 85, 53, 55, 5, 77, 12, 34, 64, 98, 26
27, 001100001010, 85, 53, 55, 5, 77, 12, 34, 64, 98, 26, 19
99, 001100001011, 85, 53, 55, 5, 77, 12, 34, 64, 98, 26, 19
0, 00110000110, 85, 53, 55, 5, 77, 12, 34, 64, 98, 26
94, 00110000111, 85, 53, 55, 5, 77, 12, 34, 64, 98, 26
80, 001100010, 85, 53, 55, 5, 77, 12, 34, 64
87, 001100011, 85, 53, 55, 5, 77, 12, 34, 64
28, 0011001, 85, 53, 55, 5, 77, 12
51, 001101, 85, 53, 55, 5, 77
75, 001110, 85, 53, 55, 5, 77
76, 001111, 85, 53, 55, 5, 77
40, 010000, 85, 53, 75, 30, 33
63, 010001, 85, 53, 75, 30, 33
52, 01001, 85, 53, 75, 30
46, 0101, 85, 53, 75
62, 01100, 85, 53, 75, 63
39, 011010, 85, 53, 75, 63, 73
53, 011011, 85, 53, 75, 63, 73
66, 0111, 85, 53, 75
49, 1000, 85, 16, 62
21, 10010, 85, 16, 62, 38
24, 100110, 85, 16, 62, 38, 42
5, 100111000, 85, 16, 62, 38, 42, 39, 92, 76
58, 100111001, 85, 16, 62, 38, 42, 39, 92, 76
4, 1001110100, 85, 16, 62, 38, 42, 39, 92, 76, 32
14, 1001110101, 85, 16, 62, 38, 42, 39, 92, 76, 32
25, 10011101100, 85, 16, 62, 38, 42, 39, 92, 76, 32, 31
7, 100111011010, 85, 16, 62, 38, 42, 39, 92, 76, 32, 31, 48
19, 100111011011, 85, 16, 62, 38, 42, 39, 92, 76, 32, 31, 48
23, 1001110111, 85, 16, 62, 38, 42, 39, 92, 76, 32
96, 1001111, 85, 16, 62, 38, 42, 39
67, 101000, 85, 16, 62, 3, 11
9, 1010010, 85, 16, 62, 3, 11, 20
43, 1010011, 85, 16, 62, 3, 11, 20
90, 1010100, 85, 16, 62, 3, 11, 50
1, 1010101000, 85, 16, 62, 3, 11, 50, 88, 1, 74
2, 1010101001, 85, 16, 62, 3, 11, 50, 88, 1, 74
89, 101010101, 85, 16, 62, 3, 11, 50, 88, 1
92, 10101011, 85, 16, 62, 3, 11, 50, 88
8, 1010110, 85, 16, 62, 3, 11, 50
72, 1010111, 85, 16, 62, 3, 11, 50
57, 10110000, 85, 16, 62, 3, 35, 96, 84
35, 1011000100, 85, 16, 62, 3, 35, 96, 84, 93, 68
26, 10110001010, 85, 16, 62, 3, 35, 96, 84, 93, 68, 6
71, 10110001011, 85, 16, 62, 3, 35, 96, 84, 93, 68, 6
13, 101100011000, 85, 16, 62, 3, 35, 96, 84, 93, 68, 52, 15
22, 101100011001, 85, 16, 62, 3, 35, 96, 84, 93, 68, 52, 15
88, 10110001101, 85, 16, 62, 3, 35, 96, 84, 93, 68, 52
16, 10110001110, 85, 16, 62, 3, 35, 96, 84, 93, 68, 52
29, 10110001111, 85, 16, 62, 3, 35, 96, 84, 93, 68, 52
3, 101100100, 85, 16, 62, 3, 35, 96, 84, 40
6, 101100101, 85, 16, 62, 3, 35, 96, 84, 40
36, 10110011, 85, 16, 62, 3, 35, 96, 84
56, 10110100, 85, 16, 62, 3, 35, 96, 97
54, 1011010100, 85, 16, 62, 3, 35, 96, 97, 65, 10
84, 1011010101, 85, 16, 62, 3, 35, 96, 97, 65, 10
81, 101101011, 85, 16, 62, 3, 35, 96, 97, 65
85, 101101100, 85, 16, 62, 3, 35, 96, 97, 80
95, 101101101, 85, 16, 62, 3, 35, 96, 97, 80
42, 10110111, 85, 16, 62, 3, 35, 96, 97
100, 101110, 85, 16, 62, 3, 35
34, 10111100, 85, 16, 62, 3, 35, 29, 2
79, 10111101, 85, 16, 62, 3, 35, 29, 2
10, 10111110, 85, 16, 62, 3, 35, 29, 2
11, 10111111, 85, 16, 62, 3, 35, 29, 2
45, 11000000, 85, 16, 4, 7, 14, 37, 89
78, 11000001, 85, 16, 4, 7, 14, 37, 89
69, 1100001, 85, 16, 4, 7, 14, 37
93, 1100010, 85, 16, 4, 7, 14, 37
30, 11000110, 85, 16, 4, 7, 14, 37, 69
68, 11000111, 85, 16, 4, 7, 14, 37, 69
37, 1100100, 85, 16, 4, 7, 14, 45
91, 110010100, 85, 16, 4, 7, 14, 45, 91, 25
48, 1100101010, 85, 16, 4, 7, 14, 45, 91, 25, 22
70, 1100101011, 85, 16, 4, 7, 14, 45, 91, 25, 22
32, 1100101100, 85, 16, 4, 7, 14, 45, 91, 25, 61
86, 1100101101, 85, 16, 4, 7, 14, 45, 91, 25, 61
18, 110010111, 85, 16, 4, 7, 14, 45, 91, 25
60, 11001100, 85, 16, 4, 7, 14, 45, 21
38, 110011010, 85, 16, 4, 7, 14, 45, 21, 51
41, 110011011, 85, 16, 4, 7, 14, 45, 21, 51
50, 1100111, 85, 16, 4, 7, 14, 45
47, 1101000, 85, 16, 4, 7, 58, 87
74, 1101001, 85, 16, 4, 7, 58, 87
17, 110101, 85, 16, 4, 7, 58
31, 11011000, 85, 16, 4, 7, 58, 28, 82
61, 11011001, 85, 16, 4, 7, 58, 28, 82
64, 1101101, 85, 16, 4, 7, 58, 28
12, 110111, 85, 16, 4, 7, 58
65, 111, 85, 16
