96, 0000, 75, 48, 49
14, 000100, 75, 48, 49, 8, 57
25, 000101, 75, 48, 49, 8, 57
23, 00011, 75, 48, 49, 8
4, 00100, 75, 48, 49, 6
5, 00101, 75, 48, 49, 6
24, 001100, 75, 48, 49, 6, 68
7, 00110100, 75, 48, 49, 6, 68, 11, 41
19, 00110101, 75, 48, 49, 6, 68, 11, 41
21, 0011011, 75, 48, 49, 6, 68, 11
49, 00111, 75, 48, 49, 6
10, 010000, 75, 48, 66, 28, 31
11, 010001, 75, 48, 66, 28, 31
90, 01001, 75, 48, 66, 28
13, 010100000, 75, 48, 66, 28, 94, 3, 69, 24
47, 010100001, 75, 48, 66, 28, 94, 3, 69, 24
48, 01010001, 75, 48, 66, 28, 94, 3, 69
18, 0101001, 75, 48, 66, 28, 94, 3
35, 0101010, 75, 48, 66, 28, 94, 3
88, 0101011, 75, 48, 66, 28, 94, 3
6, 010110000, 75, 48, 66, 28, 94, 43, 21, 78
36, 010110001, 75, 48, 66, 28, 94, 43, 21, 78
3, 01011001, 75, 48, 66, 28, 94, 43, 21
64, 0101101, 75, 48, 66, 28, 94, 43
8, 0101110000, 75, 48, 66, 28, 94, 43, 46, 84, 51
9, 0101110001, 75, 48, 66, 28, 94, 43, 46, 84, 51
72, 010111001, 75, 48, 66, 28, 94, 43, 46, 84
1, 010111010000, 75, 48, 66, 28, 94, 43, 46, 84, 23, 86, 82
2, 010111010001, 75, 48, 66, 28, 94, 43, 46, 84, 23, 86, 82
89, 01011101001, 75, 48, 66, 28, 94, 43, 46, 84, 23, 86
92, 0101110101, 75, 48, 66, 28, 94, 43, 46, 84, 23
22, 010111011, 75, 48, 66, 28, 94, 43, 46, 84
43, 01011110, 75, 48, 66, 28, 94, 43, 46
67, 01011111, 75, 48, 66, 28, 94, 43, 46
34, 01100, 75, 48, 66, 55
57, 01101, 75, 48, 66, 55
16, 01110, 75, 48, 66, 55
29, 01111, 75, 48, 66, 55
55, 10000, 75, 19, 54, 33
93, 1000100, 75, 19, 54, 33, 61, 16
95, 1000101, 75, 19, 54, 33, 61, 16
39, 100011, 75, 19, 54, 33, 61
31, 1001000, 75, 19, 54, 33, 38, 76
61, 1001001, 75, 19, 54, 33, 38, 76
42, 1001010000, 75, 19, 54, 33, 38, 76, 80, 85, 60
54, 100101000100, 75, 19, 54, 33, 38, 76, 80, 85, 60, 93, 65
74, 100101000101, 75, 19, 54, 33, 38, 76, 80, 85, 60, 93, 65
69, 10010100011, 75, 19, 54, 33, 38, 76, 80, 85, 60, 93
84, 100101001, 75, 19, 54, 33, 38, 76, 80, 85
56, 100101010, 75, 19, 54, 33, 38, 76, 80, 85
85, 100101011, 75, 19, 54, 33, 38, 76, 80, 85
58, 10010110, 75, 19, 54, 33, 38, 76, 80
81, 10010111, 75, 19, 54, 33, 38, 76, 80
44, 100110, 75, 19, 54, 33, 38
83, 100111, 75, 19, 54, 33, 38
38, 10100, 75, 19, 54, 1
37, 101010, 75, 19, 54, 1, 10
50, 101011, 75, 19, 54, 1, 10
63, 1011000, 75, 19, 54, 1, 32, 96
77, 10110010, 75, 19, 54, 1, 32, 96, 73
82, 10110011, 75, 19, 54, 1, 32, 96, 73
40, 1011010, 75, 19, 54, 1, 32, 96
59, 10110110, 75, 19, 54, 1, 32, 96, 97
73, 10110111, 75, 19, 54, 1, 32, 96, 97
71, 1011100, 75, 19, 54, 1, 32, 27
68, 101110100, 75, 19, 54, 1, 32, 27, 2, 58
79, 101110101, 75, 19, 54, 1, 32, 27, 2, 58
33, 10111011, 75, 19, 54, 1, 32, 27, 2
45, 1011110000, 75, 19, 54, 1, 32, 27, 0, 53, 4
32, 10111100010, 75, 19, 54, 1, 32, 27, 0, 53, 4, 91
70, 10111100011, 75, 19, 54, 1, 32, 27, 0, 53, 4, 91
78, 1011110010, 75, 19, 54, 1, 32, 27, 0, 53, 4
86, 1011110011, 75, 19, 54, 1, 32, 27, 0, 53, 4
91, 10111101, 75, 19, 54, 1, 32, 27, 0
26, 1011111000, 75, 19, 54, 1, 32, 27, 0, 89, 13
30, 1011111001, 75, 19, 54, 1, 32, 27, 0, 89, 13
12, 101111101, 75, 19, 54, 1, 32, 27, 0, 89
100, 101111110, 75, 19, 54, 1, 32, 27, 0, 89
17, 1011111110, 75, 19, 54, 1, 32, 27, 0, 89, 99
41, 10111111110, 75, 19, 54, 1, 32, 27, 0, 89, 99, 72
60, 10111111111, 75, 19, 54, 1, 32, 27, 0, 89, 99, 72
65, 11000, 75, 19, 5, 7
66, 110010, 75, 19, 5, 7, 12
98, 110011, 75, 19, 5, 7, 12
51, 11010, 75, 19, 5, 7
46, 110110, 75, 19, 5, 7, 50
87, 110111, 75, 19, 5, 7, 50
97, 111000, 75, 19, 5, 62, 77
53, 1110010, 75, 19, 5, 62, 77, 64
28, 11100110, 75, 19, 5, 62, 77, 64, 15
76, 11100111, 75, 19, 5, 62, 77, 64, 15
80, 11101, 75, 19, 5, 62
75, 1111000000, 75, 19, 5, 62, 40, 29, 79, 90, 52
0, 11110000010, 75, 19, 5, 62, 40, 29, 79, 90, 52, 92
94, 11110000011, 75, 19, 5, 62, 40, 29, 79, 90, 52, 92
99, 111100001, 75, 19, 5, 62, 40, 29, 79, 90
20, 11110001, 75, 19, 5, 62, 40, 29, 79
15, 1111001, 75, 19, 5, 62, 40, 29
52, 111101, 75, 19, 5, 62, 40
27, 111110, 75, 19, 5, 62, 40
62, 111111, 75, 19, 5, 62, 40
