15, 000000, 81, 56, 58, 10, 48
20, 000001, 81, 56, 58, 10, 48
27, 000010, 81, 56, 58, 10, 48
62, 000011, 81, 56, 58, 10, 48
39, 00010, 81, 56, 58, 10
99, 00011, 81, 56, 58, 10
46, 001000, 81, 56, 58, 5, 38
0, 0010010, 81, 56, 58, 5, 38, 3
87, 0010011, 81, 56, 58, 5, 38, 3
98, 00101, 81, 56, 58, 5
66, 001100, 81, 56, 58, 5, 75
94, 001101, 81, 56, 58, 5, 75
51, 00111, 81, 56, 58, 5
52, 0100, 81, 56, 73
65, 01010, 81, 56, 73, 33
33, 010110, 81, 56, 73, 33, 96
68, 010111, 81, 56, 73, 33, 96
53, 0110000, 81, 56, 73, 67, 70, 99
28, 01100010, 81, 56, 73, 67, 70, 99, 78
97, 01100011, 81, 56, 73, 67, 70, 99, 78
44, 011001, 81, 56, 73, 67, 70
55, 011010, 81, 56, 73, 67, 70
80, 0110110, 81, 56, 73, 67, 70, 20
76, 01101110, 81, 56, 73, 67, 70, 20, 29
75, 011011110, 81, 56, 73, 67, 70, 20, 29, 95
83, 011011111, 81, 56, 73, 67, 70, 20, 29, 95
77, 0111000, 81, 56, 73, 67, 93, 1
82, 0111001, 81, 56, 73, 67, 93, 1
63, 011101, 81, 56, 73, 67, 93
59, 0111100, 81, 56, 73, 67, 93, 88
73, 0111101, 81, 56, 73, 67, 93, 88
40, 011111, 81, 56, 73, 67, 93
49, 1000, 81, 19, 65
8, 10010000, 81, 19, 65, 43, 45, 82, 17
9, 1001000100, 81, 19, 65, 43, 45, 82, 17, 53, 25
35, 1001000101, 81, 19, 65, 43, 45, 82, 17, 53, 25
43, 100100011, 81, 19, 65, 43, 45, 82, 17, 53
67, 1001001, 81, 19, 65, 43, 45, 82
90, 10010100, 81, 19, 65, 43, 45, 82, 86
92, 10010101, 81, 19, 65, 43, 45, 82, 86
89, 1001011, 81, 19, 65, 43, 45, 82
10, 1001100, 81, 19, 65, 43, 45, 44
11, 1001101, 81, 19, 65, 43, 45, 44
2, 1001110000, 81, 19, 65, 43, 45, 44, 89, 74, 61
14, 10011100010, 81, 19, 65, 43, 45, 44, 89, 74, 61, 28
5, 100111000110, 81, 19, 65, 43, 45, 44, 89, 74, 61, 28, 31
4, 1001110001110, 81, 19, 65, 43, 45, 44, 89, 74, 61, 28, 31, 72
25, 1001110001111, 81, 19, 65, 43, 45, 44, 89, 74, 61, 28, 31, 72
23, 1001110010, 81, 19, 65, 43, 45, 44, 89, 74, 61
24, 1001110011, 81, 19, 65, 43, 45, 44, 89, 74, 61
1, 1001110100, 81, 19, 65, 43, 45, 44, 89, 74, 37
72, 1001110101, 81, 19, 65, 43, 45, 44, 89, 74, 37
22, 100111011, 81, 19, 65, 43, 45, 44, 89, 74
7, 100111100, 81, 19, 65, 43, 45, 44, 89, 62
19, 100111101, 81, 19, 65, 43, 45, 44, 89, 62
21, 10011111, 81, 19, 65, 43, 45, 44, 89
96, 1010, 81, 19, 65
88, 10110, 81, 19, 65, 2
91, 10111, 81, 19, 65, 2
42, 110000, 81, 19, 4, 7, 12
58, 110001, 81, 19, 4, 7, 12
54, 110010000, 81, 19, 4, 7, 12, 50, 87, 85
69, 110010001, 81, 19, 4, 7, 12, 50, 87, 85
84, 11001001, 81, 19, 4, 7, 12, 50, 87
61, 1100101, 81, 19, 4, 7, 12, 50
74, 110011, 81, 19, 4, 7, 12
93, 110100, 81, 19, 4, 7, 60
95, 110101, 81, 19, 4, 7, 60
81, 1101100, 81, 19, 4, 7, 60, 32
64, 11011010, 81, 19, 4, 7, 60, 32, 79
3, 110110110, 81, 19, 4, 7, 60, 32, 79, 22
6, 110110111, 81, 19, 4, 7, 60, 32, 79, 22
56, 1101110, 81, 19, 4, 7, 60, 32
85, 1101111, 81, 19, 4, 7, 60, 32
12, 111000, 81, 19, 4, 69, 83
31, 1110010, 81, 19, 4, 69, 83, 71
36, 1110011, 81, 19, 4, 69, 83, 71
26, 111010000, 81, 19, 4, 69, 83, 49, 91, 6
100, 111010001, 81, 19, 4, 69, 83, 49, 91, 6
71, 111010010, 81, 19, 4, 69, 83, 49, 91, 6
79, 111010011, 81, 19, 4, 69, 83, 49, 91, 6
13, 11101010000, 81, 19, 4, 69, 83, 49, 91, 80, 63, 30
47, 11101010001, 81, 19, 4, 69, 83, 49, 91, 80, 63, 30
18, 1110101001, 81, 19, 4, 69, 83, 49, 91, 80, 63
48, 111010101, 81, 19, 4, 69, 83, 49, 91, 80
17, 11101011, 81, 19, 4, 69, 83, 49, 91
78, 11101100, 81, 19, 4, 69, 83, 49, 0
86, 11101101, 81, 19, 4, 69, 83, 49, 0
32, 111011100, 81, 19, 4, 69, 83, 49, 0, 23
45, 111011101, 81, 19, 4, 69, 83, 49, 0, 23
70, 11101111, 81, 19, 4, 69, 83, 49, 0
37, 111100, 81, 19, 4, 69, 47
38, 111101000, 81, 19, 4, 69, 47, 34, 90, 18
41, 111101001, 81, 19, 4, 69, 47, 34, 90, 18
60, 11110101, 81, 19, 4, 69, 47, 34, 90
30, 1111011, 81, 19, 4, 69, 47, 34
16, 1111100, 81, 19, 4, 69, 47, 94
29, 1111101, 81, 19, 4, 69, 47, 94
34, 11111100, 81, 19, 4, 69, 47, 94, 42
57, 11111101, 81, 19, 4, 69, 47, 94, 42
50, 1111111, 81, 19, 4, 69, 47, 94
