40, 0000, 81, 52, 55
77, 000100, 81, 52, 55, 14, 65
73, 00010100, 81, 52, 55, 14, 65, 22, 27
82, 00010101, 81, 52, 55, 14, 65, 22, 27
59, 0001011, 81, 52, 55, 14, 65, 22
63, 00011, 81, 52, 55, 14
69, 0010000000, 81, 52, 55, 10, 34, 6, 30, 15, 77
74, 0010000001, 81, 52, 55, 10, 34, 6, 30, 15, 77
54, 001000001, 81, 52, 55, 10, 34, 6, 30, 15
42, 00100001, 81, 52, 55, 10, 34, 6, 30
84, 0010001, 81, 52, 55, 10, 34, 6
78, 0010010, 81, 52, 55, 10, 34, 6
93, 0010011, 81, 52, 55, 10, 34, 6
56, 001010, 81, 52, 55, 10, 34
85, 001011, 81, 52, 55, 10, 34
45, 00110, 81, 52, 55, 10
31, 001110, 81, 52, 55, 10, 75
61, 001111, 81, 52, 55, 10, 75
64, 01000000, 81, 52, 73, 32, 35, 47, 88
18, 010000010, 81, 52, 73, 32, 35, 47, 88, 7
47, 010000011, 81, 52, 73, 32, 35, 47, 88, 7
32, 01000010, 81, 52, 73, 32, 35, 47, 88
86, 01000011, 81, 52, 73, 32, 35, 47, 88
48, 010001, 81, 52, 73, 32, 35
91, 0100100, 81, 52, 73, 32, 35, 84
37, 01001010, 81, 52, 73, 32, 35, 84, 18
50, 01001011, 81, 52, 73, 32, 35, 84, 18
58, 01001100, 81, 52, 73, 32, 35, 84, 85
81, 01001101, 81, 52, 73, 32, 35, 84, 85
71, 010011100, 81, 52, 73, 32, 35, 84, 85, 61
95, 010011101, 81, 52, 73, 32, 35, 84, 85, 61
70, 01001111, 81, 52, 73, 32, 35, 84, 85
49, 01010000, 81, 52, 73, 32, 97, 5, 76
79, 01010001, 81, 52, 73, 32, 97, 5, 76
34, 01010010, 81, 52, 73, 32, 97, 5, 76
41, 01010011, 81, 52, 73, 32, 97, 5, 76
65, 0101010, 81, 52, 73, 32, 97, 5
100, 0101011, 81, 52, 73, 32, 97, 5
36, 01011000, 81, 52, 73, 32, 97, 46, 24
30, 0101100100, 81, 52, 73, 32, 97, 46, 24, 86, 90
68, 0101100101, 81, 52, 73, 32, 97, 46, 24, 86, 90
16, 010110011, 81, 52, 73, 32, 97, 46, 24, 86
12, 01011010, 81, 52, 73, 32, 97, 46, 24
33, 01011011, 81, 52, 73, 32, 97, 46, 24
38, 010111000, 81, 52, 73, 32, 97, 46, 50, 91
60, 010111001, 81, 52, 73, 32, 97, 46, 50, 91
29, 010111010, 81, 52, 73, 32, 97, 46, 50, 91
57, 010111011, 81, 52, 73, 32, 97, 46, 50, 91
17, 0101111, 81, 52, 73, 32, 97, 46
43, 01100, 81, 52, 73, 64
67, 01101, 81, 52, 73, 64
11, 0111000, 81, 52, 73, 64, 93, 0
90, 0111001, 81, 52, 73, 64, 93, 0
10, 011101000, 81, 52, 73, 64, 93, 0, 21, 43
26, 011101001, 81, 52, 73, 64, 93, 0, 21, 43
92, 011101010, 81, 52, 73, 64, 93, 0, 21, 43
72, 01110101100, 81, 52, 73, 64, 93, 0, 21, 43, 95, 62
1, 011101011010, 81, 52, 73, 64, 93, 0, 21, 43, 95, 62, 36
89, 011101011011, 81, 52, 73, 64, 93, 0, 21, 43, 95, 62, 36
2, 01110101110, 81, 52, 73, 64, 93, 0, 21, 43, 95, 62
8, 01110101111, 81, 52, 73, 64, 93, 0, 21, 43, 95, 62
9, 01110110, 81, 52, 73, 64, 93, 0, 21
35, 01110111, 81, 52, 73, 64, 93, 0, 21
13, 011110000, 81, 52, 73, 64, 93, 87, 23, 29
3, 0111100010, 81, 52, 73, 64, 93, 87, 23, 29, 74
6, 0111100011, 81, 52, 73, 64, 93, 87, 23, 29, 74
22, 01111001, 81, 52, 73, 64, 93, 87, 23
88, 01111010, 81, 52, 73, 64, 93, 87, 23
96, 01111011, 81, 52, 73, 64, 93, 87, 23
23, 01111100, 81, 52, 73, 64, 93, 87, 70
24, 01111101, 81, 52, 73, 64, 93, 87, 70
7, 0111111000, 81, 52, 73, 64, 93, 87, 70, 80, 2
19, 0111111001, 81, 52, 73, 64, 93, 87, 70, 80, 2
21, 011111101, 81, 52, 73, 64, 93, 87, 70, 80
14, 01111111000, 81, 52, 73, 64, 93, 87, 70, 80, 79, 48
25, 01111111001, 81, 52, 73, 64, 93, 87, 70, 80, 79, 48
5, 0111111101, 81, 52, 73, 64, 93, 87, 70, 80, 79
4, 011111111, 81, 52, 73, 64, 93, 87, 70, 80
28, 1000, 81, 19, 58
55, 1001, 81, 19, 58
76, 1010, 81, 19, 58
83, 1011, 81, 19, 58
15, 110000, 81, 19, 8, 12, 17
20, 110001, 81, 19, 8, 12, 17
99, 110010, 81, 19, 8, 12, 17
27, 1100110, 81, 19, 8, 12, 17, 45
62, 1100111, 81, 19, 8, 12, 17, 45
39, 1101, 81, 19, 8
44, 1110000000, 81, 19, 8, 68, 83, 71, 53, 16, 11
51, 1110000001, 81, 19, 8, 68, 83, 71, 53, 16, 11
0, 11100000100, 81, 19, 8, 68, 83, 71, 53, 16, 11, 98
75, 11100000101, 81, 19, 8, 68, 83, 71, 53, 16, 11, 98
66, 11100000110, 81, 19, 8, 68, 83, 71, 53, 16, 11, 98
94, 11100000111, 81, 19, 8, 68, 83, 71, 53, 16, 11, 98
52, 11100001, 81, 19, 8, 68, 83, 71, 53
87, 1110001, 81, 19, 8, 68, 83, 71
46, 111001, 81, 19, 8, 68, 83
97, 1110100, 81, 19, 8, 68, 83, 44
98, 1110101, 81, 19, 8, 68, 83, 44
53, 111011, 81, 19, 8, 68, 83
80, 1111, 81, 19, 8
