32, 000000, 75, 47, 50, 12, 44
45, 000001, 75, 47, 50, 12, 44
78, 000010, 75, 47, 50, 12, 44
86, 000011, 75, 47, 50, 12, 44
17, 000100, 75, 47, 50, 12, 59
40, 0001010, 75, 47, 50, 12, 59, 23
63, 00010110, 75, 47, 50, 12, 59, 23, 26
59, 0001011100, 75, 47, 50, 12, 59, 23, 26, 22, 15
73, 0001011101, 75, 47, 50, 12, 59, 23, 26, 22, 15
77, 0001011110, 75, 47, 50, 12, 59, 23, 26, 22, 15
82, 0001011111, 75, 47, 50, 12, 59, 23, 26, 22, 15
56, 000110, 75, 47, 50, 12, 59
85, 000111, 75, 47, 50, 12, 59
48, 001000, 75, 47, 50, 9, 31
18, 00100100, 75, 47, 50, 9, 31, 4, 48
47, 00100101, 75, 47, 50, 9, 31, 4, 48
13, 0010011, 75, 47, 50, 9, 31, 4
69, 00101, 75, 47, 50, 9
31, 001100, 75, 47, 50, 9, 72
61, 0011010, 75, 47, 50, 9, 72, 14
64, 0011011, 75, 47, 50, 9, 72, 14
3, 00111000, 75, 47, 50, 9, 72, 40, 78
6, 00111001, 75, 47, 50, 9, 72, 40, 78
36, 0011101, 75, 47, 50, 9, 72, 40
12, 001111, 75, 47, 50, 9, 72
41, 0100000, 75, 47, 68, 30, 32, 46
60, 0100001, 75, 47, 68, 30, 32, 46
57, 010001, 75, 47, 68, 30, 32
30, 010010, 75, 47, 68, 30, 32
37, 0100110, 75, 47, 68, 30, 32, 79
16, 01001110, 75, 47, 68, 30, 32, 79, 81
29, 01001111, 75, 47, 68, 30, 32, 79, 81
74, 010100, 75, 47, 68, 30, 95
93, 010101, 75, 47, 68, 30, 95
34, 01011, 75, 47, 68, 30
58, 01100000, 75, 47, 68, 58, 66, 99, 73
81, 01100001, 75, 47, 68, 58, 66, 99, 73
42, 0110001, 75, 47, 68, 58, 66, 99
19, 011001000, 75, 47, 68, 58, 66, 99, 35, 71
23, 0110010010, 75, 47, 68, 58, 66, 99, 35, 71, 17
4, 01100100110, 75, 47, 68, 58, 66, 99, 35, 71, 17, 67
5, 01100100111000, 75, 47, 68, 58, 66, 99, 35, 71, 17, 67, 85, 92, 94
24, 011001001110010, 75, 47, 68, 58, 66, 99, 35, 71, 17, 67, 85, 92, 94, 74
14, 0110010011100110, 75, 47, 68, 58, 66, 99, 35, 71, 17, 67, 85, 92, 94, 74, 38
25, 0110010011100111, 75, 47, 68, 58, 66, 99, 35, 71, 17, 67, 85, 92, 94, 74, 38
7, 01100100111010, 75, 47, 68, 58, 66, 99, 35, 71, 17, 67, 85, 92, 94
21, 01100100111011, 75, 47, 68, 58, 66, 99, 35, 71, 17, 67, 85, 92, 94
96, 011001001111, 75, 47, 68, 58, 66, 99, 35, 71, 17, 67, 85
49, 01100101, 75, 47, 68, 58, 66, 99, 35
91, 0110011, 75, 47, 68, 58, 66, 99
71, 011010000, 75, 47, 68, 58, 66, 20, 52, 70
79, 011010001, 75, 47, 68, 58, 66, 20, 52, 70
95, 01101001, 75, 47, 68, 58, 66, 20, 52
84, 0110101, 75, 47, 68, 58, 66, 20
54, 011011, 75, 47, 68, 58, 66
72, 01110000, 75, 47, 68, 58, 87, 0, 42
1, 0111000100, 75, 47, 68, 58, 87, 0, 42, 24, 90
89, 0111000101, 75, 47, 68, 58, 87, 0, 42, 24, 90
2, 011100011, 75, 47, 68, 58, 87, 0, 42, 24
11, 011100100, 75, 47, 68, 58, 87, 0, 42, 49
90, 011100101, 75, 47, 68, 58, 87, 0, 42, 49
92, 01110011, 75, 47, 68, 58, 87, 0, 42
22, 01110100, 75, 47, 68, 58, 87, 0, 21
10, 011101010, 75, 47, 68, 58, 87, 0, 21, 43
26, 011101011, 75, 47, 68, 58, 87, 0, 21, 43
8, 011101100, 75, 47, 68, 58, 87, 0, 21, 8
67, 011101101, 75, 47, 68, 58, 87, 0, 21, 8
43, 011101110, 75, 47, 68, 58, 87, 0, 21, 8
9, 0111011110, 75, 47, 68, 58, 87, 0, 21, 8, 5
35, 0111011111, 75, 47, 68, 58, 87, 0, 21, 8, 5
88, 01111, 75, 47, 68, 58
0, 100000000, 75, 19, 56, 36, 64, 34, 93, 77
75, 100000001, 75, 19, 56, 36, 64, 34, 93, 77
76, 10000001, 75, 19, 56, 36, 64, 34, 93
52, 1000001, 75, 19, 56, 36, 64, 34
97, 1000010, 75, 19, 56, 36, 64, 34
33, 10000110, 75, 19, 56, 36, 64, 34, 62
55, 10000111, 75, 19, 56, 36, 64, 34, 62
28, 10001, 75, 19, 56, 36
38, 1001000, 75, 19, 56, 36, 41, 76
53, 1001001, 75, 19, 56, 36, 41, 76
70, 100101, 75, 19, 56, 36, 41
51, 100110, 75, 19, 56, 36, 41
100, 100111, 75, 19, 56, 36, 41
50, 1010, 75, 19, 56
68, 101100, 75, 19, 56, 2, 33
80, 101101, 75, 19, 56, 2, 33
65, 101110, 75, 19, 56, 2, 33
27, 1011110000, 75, 19, 56, 2, 33, 29, 1, 55, 6
62, 1011110001, 75, 19, 56, 2, 33, 29, 1, 55, 6
99, 101111001, 75, 19, 56, 2, 33, 29, 1, 55
15, 101111010, 75, 19, 56, 2, 33, 29, 1, 55
20, 101111011, 75, 19, 56, 2, 33, 29, 1, 55
87, 10111110, 75, 19, 56, 2, 33, 29, 1
94, 10111111, 75, 19, 56, 2, 33, 29, 1
66, 1100, 75, 19, 7
39, 11010, 75, 19, 7, 10
44, 110110, 75, 19, 7, 10, 54
83, 110111, 75, 19, 7, 10, 54
46, 1110, 75, 19, 7
98, 1111, 75, 19, 7
