9, 000000, 81, 54, 57, 19, 49
35, 000001, 81, 54, 57, 19, 49
43, 00001, 81, 54, 57, 19
88, 0001, 81, 54, 57
8, 00100, 81, 54, 57, 11
67, 00101, 81, 54, 57, 11
92, 0011000, 81, 54, 57, 11, 78, 21
96, 00110010, 81, 54, 57, 11, 78, 21, 40
1, 0011001100, 81, 54, 57, 11, 78, 21, 40, 16, 3
2, 0011001101, 81, 54, 57, 11, 78, 21, 40, 16, 3
72, 001100111, 81, 54, 57, 11, 78, 21, 40, 16
89, 001101, 81, 54, 57, 11, 78
90, 00111, 81, 54, 57, 11
14, 0100000000, 81, 54, 76, 35, 39, 51, 88, 8, 61
4, 01000000010, 81, 54, 76, 35, 39, 51, 88, 8, 61, 34
25, 01000000011, 81, 54, 76, 35, 39, 51, 88, 8, 61, 34
5, 010000001, 81, 54, 76, 35, 39, 51, 88, 8
21, 010000010, 81, 54, 76, 35, 39, 51, 88, 8
7, 0100000110, 81, 54, 76, 35, 39, 51, 88, 8, 65
19, 0100000111, 81, 54, 76, 35, 39, 51, 88, 8, 65
58, 01000010, 81, 54, 76, 35, 39, 51, 88
23, 010000110, 81, 54, 76, 35, 39, 51, 88, 63
24, 010000111, 81, 54, 76, 35, 39, 51, 88, 63
49, 010001, 81, 54, 76, 35, 39
16, 01001000, 81, 54, 76, 35, 39, 84, 25
29, 01001001, 81, 54, 76, 35, 39, 84, 25
22, 0100101, 81, 54, 76, 35, 39, 84
6, 010011000, 81, 54, 76, 35, 39, 84, 85, 66
36, 010011001, 81, 54, 76, 35, 39, 84, 85, 66
3, 01001101, 81, 54, 76, 35, 39, 84, 85
64, 0100111, 81, 54, 76, 35, 39, 84
10, 010100, 81, 54, 76, 35, 96
11, 010101, 81, 54, 76, 35, 96
26, 01011, 81, 54, 76, 35
18, 01100, 81, 54, 76, 68
13, 011010, 81, 54, 76, 68, 74
47, 011011, 81, 54, 76, 68, 74
48, 0111, 81, 54, 76
55, 100000, 81, 28, 64, 45, 71
75, 100001, 81, 28, 64, 45, 71
59, 10001, 81, 28, 64, 45
44, 10010, 81, 28, 64, 45
83, 10011, 81, 28, 64, 45
97, 10100, 81, 28, 64, 4
65, 1010100, 81, 28, 64, 4, 20, 52
91, 1010101, 81, 28, 64, 4, 20, 52
15, 101011000, 81, 28, 64, 4, 20, 52, 22, 89
20, 101011001, 81, 28, 64, 4, 20, 52, 22, 89
27, 1010110100, 81, 28, 64, 4, 20, 52, 22, 89, 17
62, 1010110101, 81, 28, 64, 4, 20, 52, 22, 89, 17
99, 101011011, 81, 28, 64, 4, 20, 52, 22, 89
39, 1010111, 81, 28, 64, 4, 20, 52
52, 1011000, 81, 28, 64, 4, 41, 98
73, 10110010000, 81, 28, 64, 4, 41, 98, 80, 47, 56, 32
77, 101100100010, 81, 28, 64, 4, 41, 98, 80, 47, 56, 32, 94
82, 101100100011, 81, 28, 64, 4, 41, 98, 80, 47, 56, 32, 94
63, 1011001001, 81, 28, 64, 4, 41, 98, 80, 47, 56
33, 101100101, 81, 28, 64, 4, 41, 98, 80, 47
28, 101100110, 81, 28, 64, 4, 41, 98, 80, 47
76, 101100111, 81, 28, 64, 4, 41, 98, 80, 47
40, 101101, 81, 28, 64, 4, 41
98, 1011100, 81, 28, 64, 4, 41, 33
46, 10111010, 81, 28, 64, 4, 41, 33, 5
80, 101110110, 81, 28, 64, 4, 41, 33, 5, 69
87, 10111011100, 81, 28, 64, 4, 41, 33, 5, 69, 18, 13
0, 101110111010, 81, 28, 64, 4, 41, 33, 5, 69, 18, 13, 91
53, 101110111011, 81, 28, 64, 4, 41, 33, 5, 69, 18, 13, 91
66, 10111011110, 81, 28, 64, 4, 41, 33, 5, 69, 18, 13
51, 101110111110, 81, 28, 64, 4, 41, 33, 5, 69, 18, 13, 38
94, 101110111111, 81, 28, 64, 4, 41, 33, 5, 69, 18, 13, 38
17, 1011110, 81, 28, 64, 4, 41, 33
100, 1011111, 81, 28, 64, 4, 41, 33
93, 11000, 81, 28, 9, 14
95, 11001, 81, 28, 9, 14
42, 11010, 81, 28, 9, 14
74, 11011, 81, 28, 9, 14
31, 1110000, 81, 28, 9, 73, 82, 75
34, 111000100, 81, 28, 9, 73, 82, 75, 55, 67
57, 111000101, 81, 28, 9, 73, 82, 75, 55, 67
30, 111000110, 81, 28, 9, 73, 82, 75, 55, 67
79, 111000111, 81, 28, 9, 73, 82, 75, 55, 67
54, 1110010000, 81, 28, 9, 73, 82, 75, 24, 58, 44
84, 1110010001, 81, 28, 9, 73, 82, 75, 24, 58, 44
81, 111001001, 81, 28, 9, 73, 82, 75, 24, 58
69, 111001010, 81, 28, 9, 73, 82, 75, 24, 58
56, 1110010110, 81, 28, 9, 73, 82, 75, 24, 58, 72
85, 1110010111, 81, 28, 9, 73, 82, 75, 24, 58, 72
61, 1110011, 81, 28, 9, 73, 82, 75
32, 11101000, 81, 28, 9, 73, 82, 50, 92
70, 11101001, 81, 28, 9, 73, 82, 50, 92
45, 1110101, 81, 28, 9, 73, 82, 50
78, 11101100, 81, 28, 9, 73, 82, 50, 1
86, 11101101, 81, 28, 9, 73, 82, 50, 1
12, 1110111, 81, 28, 9, 73, 82, 50
71, 111100, 81, 28, 9, 73, 48
37, 1111010, 81, 28, 9, 73, 48, 36
50, 1111011, 81, 28, 9, 73, 48, 36
60, 1111100, 81, 28, 9, 73, 48, 93
38, 11111010, 81, 28, 9, 73, 48, 93, 62
41, 11111011, 81, 28, 9, 73, 48, 93, 62
68, 111111, 81, 28, 9, 73, 48
