66, 0000000, 80, 52, 53, 15, 49, 13
94, 0000001, 80, 52, 53, 15, 49, 13
51, 000001, 80, 52, 53, 15, 49
53, 0000100, 80, 52, 53, 15, 49, 54
0, 000010100, 80, 52, 53, 15, 49, 54, 55, 28
99, 000010101, 80, 52, 53, 15, 49, 54, 55, 28
75, 00001011, 80, 52, 53, 15, 49, 54, 55
87, 000011, 80, 52, 53, 15, 49
28, 00010, 80, 52, 53, 15
44, 00011, 80, 52, 53, 15
27, 001000, 80, 52, 53, 11, 40
62, 001001, 80, 52, 53, 11, 40
15, 0010100, 80, 52, 53, 11, 40, 88
20, 0010101, 80, 52, 53, 11, 40, 88
97, 001011, 80, 52, 53, 11, 40
76, 0011, 80, 52, 53
65, 0100, 80, 52, 74
80, 0101, 80, 52, 74
68, 01100, 80, 52, 74, 62
33, 011010, 80, 52, 74, 62, 72
55, 011011, 80, 52, 74, 62, 72
46, 011100, 80, 52, 74, 62, 89
83, 011101, 80, 52, 74, 62, 89
39, 01111000, 80, 52, 74, 62, 89, 85, 30
98, 01111001, 80, 52, 74, 62, 89, 85, 30
52, 0111101, 80, 52, 74, 62, 89, 85
40, 01111100000, 80, 52, 74, 62, 89, 85, 73, 51, 69, 6
59, 01111100001, 80, 52, 74, 62, 89, 85, 73, 51, 69, 6
73, 0111110001, 80, 52, 74, 62, 89, 85, 73, 51, 69
17, 011111001, 80, 52, 74, 62, 89, 85, 73, 51
77, 0111110100, 80, 52, 74, 62, 89, 85, 73, 51, 82
82, 0111110101, 80, 52, 74, 62, 89, 85, 73, 51, 82
63, 011111011, 80, 52, 74, 62, 89, 85, 73, 51
93, 0111111, 80, 52, 74, 62, 89, 85
84, 100000, 80, 26, 60, 44, 68
54, 1000010, 80, 26, 60, 44, 68, 42
69, 100001100, 80, 26, 60, 44, 68, 42, 66, 93
85, 100001101, 80, 26, 60, 44, 68, 42, 66, 93
74, 10000111, 80, 26, 60, 44, 68, 42, 66
45, 100010, 80, 26, 60, 44, 68
78, 100011, 80, 26, 60, 44, 68
31, 10010000, 80, 26, 60, 44, 46, 81, 23
61, 10010001, 80, 26, 60, 44, 46, 81, 23
64, 1001001, 80, 26, 60, 44, 46, 81
36, 1001010, 80, 26, 60, 44, 46, 81
3, 100101100, 80, 26, 60, 44, 46, 81, 83, 84
6, 100101101, 80, 26, 60, 44, 46, 81, 83, 84
12, 10010111, 80, 26, 60, 44, 46, 81, 83
56, 10011000, 80, 26, 60, 44, 46, 45, 14
42, 100110010, 80, 26, 60, 44, 46, 45, 14, 31
95, 100110011, 80, 26, 60, 44, 46, 45, 14, 31
37, 10011010, 80, 26, 60, 44, 46, 45, 14
50, 10011011, 80, 26, 60, 44, 46, 45, 14
13, 1001110000, 80, 26, 60, 44, 46, 45, 86, 75, 56
47, 1001110001, 80, 26, 60, 44, 46, 45, 86, 75, 56
18, 100111001, 80, 26, 60, 44, 46, 45, 86, 75
32, 100111010, 80, 26, 60, 44, 46, 45, 86, 75
86, 100111011, 80, 26, 60, 44, 46, 45, 86, 75
48, 10011110, 80, 26, 60, 44, 46, 45, 86
70, 10011111, 80, 26, 60, 44, 46, 45, 86
26, 10100, 80, 26, 60, 3
100, 10101, 80, 26, 60, 3
19, 1011000, 80, 26, 60, 3, 41, 96
21, 1011001, 80, 26, 60, 3, 41, 96
88, 1011010, 80, 26, 60, 3, 41, 96
96, 1011011, 80, 26, 60, 3, 41, 96
91, 1011100, 80, 26, 60, 3, 41, 35
35, 10111010, 80, 26, 60, 3, 41, 35, 4
79, 10111011, 80, 26, 60, 3, 41, 35, 4
71, 1011110000, 80, 26, 60, 3, 41, 35, 1, 59, 8
10, 10111100010, 80, 26, 60, 3, 41, 35, 1, 59, 8, 91
11, 10111100011, 80, 26, 60, 3, 41, 35, 1, 59, 8, 91
5, 101111001, 80, 26, 60, 3, 41, 35, 1, 59
49, 101111010, 80, 26, 60, 3, 41, 35, 1, 59
58, 1011110110, 80, 26, 60, 3, 41, 35, 1, 59, 33
81, 1011110111, 80, 26, 60, 3, 41, 35, 1, 59, 33
22, 101111100, 80, 26, 60, 3, 41, 35, 1, 90
14, 1011111010000, 80, 26, 60, 3, 41, 35, 1, 90, 20, 2, 77, 98
7, 10111110100010, 80, 26, 60, 3, 41, 35, 1, 90, 20, 2, 77, 98, 76
25, 10111110100011, 80, 26, 60, 3, 41, 35, 1, 90, 20, 2, 77, 98, 76
23, 101111101001, 80, 26, 60, 3, 41, 35, 1, 90, 20, 2, 77
24, 10111110101, 80, 26, 60, 3, 41, 35, 1, 90, 20, 2
43, 101111101100, 80, 26, 60, 3, 41, 35, 1, 90, 20, 2, 43
2, 1011111011010, 80, 26, 60, 3, 41, 35, 1, 90, 20, 2, 43, 94
9, 1011111011011, 80, 26, 60, 3, 41, 35, 1, 90, 20, 2, 43, 94
4, 10111110111, 80, 26, 60, 3, 41, 35, 1, 90, 20, 2
1, 10111111000, 80, 26, 60, 3, 41, 35, 1, 90, 99, 24
89, 10111111001, 80, 26, 60, 3, 41, 35, 1, 90, 99, 24
8, 10111111010, 80, 26, 60, 3, 41, 35, 1, 90, 99, 24
72, 10111111011, 80, 26, 60, 3, 41, 35, 1, 90, 99, 24
90, 1011111110, 80, 26, 60, 3, 41, 35, 1, 90, 99
67, 10111111110, 80, 26, 60, 3, 41, 35, 1, 90, 99, 78
92, 10111111111, 80, 26, 60, 3, 41, 35, 1, 90, 99, 78
41, 11000, 80, 26, 10, 12
60, 11001, 80, 26, 10, 12
34, 11010, 80, 26, 10, 12
57, 11011, 80, 26, 10, 12
30, 1110, 80, 26, 10
16, 111100, 80, 26, 10, 71, 47
29, 111101, 80, 26, 10, 71, 47
38, 11111, 80, 26, 10, 71
