44, 00000, 84, 49, 51, 11
51, 00001, 84, 49, 51, 11
15, 0001000, 84, 49, 51, 11, 63, 21
20, 0001001, 84, 49, 51, 11, 63, 21
66, 000101, 84, 49, 51, 11, 63
46, 00011000, 84, 49, 51, 11, 63, 93, 27
76, 000110010, 84, 49, 51, 11, 63, 93, 27, 23
97, 000110011, 84, 49, 51, 11, 63, 93, 27, 23
87, 00011010, 84, 49, 51, 11, 63, 93, 27
75, 0001101100, 84, 49, 51, 11, 63, 93, 27, 47, 82
0, 0001101101000, 84, 49, 51, 11, 63, 93, 27, 47, 82, 78, 81, 65
94, 0001101101001, 84, 49, 51, 11, 63, 93, 27, 47, 82, 78, 81, 65
62, 000110110101, 84, 49, 51, 11, 63, 93, 27, 47, 82, 78, 81
80, 00011011011, 84, 49, 51, 11, 63, 93, 27, 47, 82, 78
27, 0001101110, 84, 49, 51, 11, 63, 93, 27, 47, 82
99, 0001101111, 84, 49, 51, 11, 63, 93, 27, 47, 82
98, 000111, 84, 49, 51, 11, 63
65, 0010, 84, 49, 51
53, 001100, 84, 49, 51, 8, 77
68, 001101, 84, 49, 51, 8, 77
50, 00111, 84, 49, 51, 8
33, 01000000, 84, 49, 76, 33, 35, 46, 94
55, 01000001, 84, 49, 76, 33, 35, 46, 94
40, 010000100, 84, 49, 76, 33, 35, 46, 94, 59
59, 010000101, 84, 49, 76, 33, 35, 46, 94, 59
63, 010000110, 84, 49, 76, 33, 35, 46, 94, 59
82, 010000111, 84, 49, 76, 33, 35, 46, 94, 59
52, 010001, 84, 49, 76, 33, 35
30, 0100100, 84, 49, 76, 33, 35, 90
83, 0100101, 84, 49, 76, 33, 35, 90
73, 0100110, 84, 49, 76, 33, 35, 90
77, 0100111, 84, 49, 76, 33, 35, 90
17, 010100, 84, 49, 76, 33, 99
28, 010101, 84, 49, 76, 33, 99
39, 01011, 84, 49, 76, 33
78, 01100, 84, 49, 76, 62
70, 0110100, 84, 49, 76, 62, 74, 18
38, 01101010, 84, 49, 76, 62, 74, 18, 52
41, 01101011, 84, 49, 76, 62, 74, 18, 52
91, 011011, 84, 49, 76, 62, 74
37, 01110, 84, 49, 76, 62
93, 01111, 84, 49, 76, 62
34, 10000, 84, 17, 60, 38
57, 10001, 84, 17, 60, 38
16, 100100, 84, 17, 60, 38, 39
29, 100101, 84, 17, 60, 38, 39
60, 10011, 84, 17, 60, 38
86, 10100, 84, 17, 60, 3
32, 101010, 84, 17, 60, 3, 12
45, 101011, 84, 17, 60, 3, 12
18, 1011, 84, 17, 60
49, 11000, 84, 17, 7, 9
5, 1100100, 84, 17, 7, 9, 14, 44
4, 110010100, 84, 17, 7, 9, 14, 44, 92, 26
24, 110010101, 84, 17, 7, 9, 14, 44, 92, 26
14, 110010110, 84, 17, 7, 9, 14, 44, 92, 26
23, 11001011100, 84, 17, 7, 9, 14, 44, 92, 26, 57, 30
19, 110010111010, 84, 17, 7, 9, 14, 44, 92, 26, 57, 30, 45
7, 1100101110110, 84, 17, 7, 9, 14, 44, 92, 26, 57, 30, 45, 0
25, 1100101110111, 84, 17, 7, 9, 14, 44, 92, 26, 57, 30, 45, 0
21, 1100101111, 84, 17, 7, 9, 14, 44, 92, 26, 57
58, 1100110, 84, 17, 7, 9, 14, 44
81, 1100111, 84, 17, 7, 9, 14, 44
9, 1101000000, 84, 17, 7, 9, 53, 89, 68, 20, 64
35, 1101000001, 84, 17, 7, 9, 53, 89, 68, 20, 64
79, 110100001, 84, 17, 7, 9, 53, 89, 68, 20
43, 110100010, 84, 17, 7, 9, 53, 89, 68, 20
67, 110100011, 84, 17, 7, 9, 53, 89, 68, 20
22, 1101001000, 84, 17, 7, 9, 53, 89, 68, 56, 1
71, 1101001001, 84, 17, 7, 9, 53, 89, 68, 56, 1
13, 1101001010, 84, 17, 7, 9, 53, 89, 68, 56, 1
48, 1101001011, 84, 17, 7, 9, 53, 89, 68, 56, 1
12, 11010011, 84, 17, 7, 9, 53, 89, 68
42, 1101010, 84, 17, 7, 9, 53, 89
95, 1101011, 84, 17, 7, 9, 53, 89
26, 1101100, 84, 17, 7, 9, 53, 31
10, 11011010, 84, 17, 7, 9, 53, 31, 83
11, 11011011, 84, 17, 7, 9, 53, 31, 83
88, 11011100, 84, 17, 7, 9, 53, 31, 19
96, 11011101, 84, 17, 7, 9, 53, 31, 19
1, 11011110000, 84, 17, 7, 9, 53, 31, 19, 66, 79, 98
89, 11011110001, 84, 17, 7, 9, 53, 31, 19, 66, 79, 98
72, 11011110010, 84, 17, 7, 9, 53, 31, 19, 66, 79, 98
2, 110111100110, 84, 17, 7, 9, 53, 31, 19, 66, 79, 98, 10
8, 110111100111, 84, 17, 7, 9, 53, 31, 19, 66, 79, 98, 10
90, 1101111010, 84, 17, 7, 9, 53, 31, 19, 66, 79
92, 1101111011, 84, 17, 7, 9, 53, 31, 19, 66, 79
100, 11011111, 84, 17, 7, 9, 53, 31, 19
54, 1110000, 84, 17, 7, 73, 87, 75
69, 1110001, 84, 17, 7, 73, 87, 75
84, 111001, 84, 17, 7, 73, 87
74, 111010, 84, 17, 7, 73, 87
85, 111011, 84, 17, 7, 73, 87
56, 111100, 84, 17, 7, 73, 41
6, 1111010, 84, 17, 7, 73, 41, 34
47, 1111011, 84, 17, 7, 73, 41, 34
3, 11111000, 84, 17, 7, 73, 41, 97, 58
64, 11111001, 84, 17, 7, 73, 41, 97, 58
31, 11111010, 84, 17, 7, 73, 41, 97, 58
61, 11111011, 84, 17, 7, 73, 41, 97, 58
36, 111111, 84, 17, 7, 73, 41
