12, 00000, 74, 49, 51, 11
39, 00001, 74, 49, 51, 11
93, 0001, 74, 49, 51
37, 00100, 74, 49, 51, 7
50, 00101, 74, 49, 51, 7
70, 00110, 74, 49, 51, 7
78, 00111, 74, 49, 51, 7
98, 01000, 74, 49, 67, 30
80, 010010, 74, 49, 67, 30, 34
46, 0100110, 74, 49, 67, 30, 34, 78
87, 0100111, 74, 49, 67, 30, 34, 78
44, 01010, 74, 49, 67, 30
51, 01011, 74, 49, 67, 30
65, 011000, 74, 49, 67, 57, 65
68, 0110010, 74, 49, 67, 57, 65, 99
52, 011001100, 74, 49, 67, 57, 65, 99, 38, 32
17, 0110011010, 74, 49, 67, 57, 65, 99, 38, 32, 54
53, 0110011011, 74, 49, 67, 57, 65, 99, 38, 32, 54
66, 01100111, 74, 49, 67, 57, 65, 99, 38
55, 0110100, 74, 49, 67, 57, 65, 21
28, 01101010, 74, 49, 67, 57, 65, 21, 52
97, 01101011, 74, 49, 67, 57, 65, 21, 52
15, 01101100, 74, 49, 67, 57, 65, 21, 27
27, 011011010000, 74, 49, 67, 57, 65, 21, 27, 93, 48, 69, 28
62, 011011010001, 74, 49, 67, 57, 65, 21, 27, 93, 48, 69, 28
99, 01101101001, 74, 49, 67, 57, 65, 21, 27, 93, 48, 69
20, 0110110101, 74, 49, 67, 57, 65, 21, 27, 93, 48
0, 0110110110, 74, 49, 67, 57, 65, 21, 27, 93, 48
94, 0110110111, 74, 49, 67, 57, 65, 21, 27, 93, 48
83, 011011100, 74, 49, 67, 57, 65, 21, 27, 94
75, 0110111010, 74, 49, 67, 57, 65, 21, 27, 94, 24
76, 0110111011, 74, 49, 67, 57, 65, 21, 27, 94, 24
33, 01101111, 74, 49, 67, 57, 65, 21, 27
77, 0111000, 74, 49, 67, 57, 90, 1
73, 01110010, 74, 49, 67, 57, 90, 1, 43
82, 01110011, 74, 49, 67, 57, 90, 1, 43
63, 011101, 74, 49, 67, 57, 90
40, 011110, 74, 49, 67, 57, 90
59, 011111, 74, 49, 67, 57, 90
32, 100000000, 74, 20, 56, 39, 61, 35, 95, 76
45, 100000001, 74, 20, 56, 39, 61, 35, 95, 76
86, 10000001, 74, 20, 56, 39, 61, 35, 95
100, 1000001, 74, 20, 56, 39, 61, 35
91, 1000010, 74, 20, 56, 39, 61, 35
18, 10000110, 74, 20, 56, 39, 61, 35, 58
48, 10000111, 74, 20, 56, 39, 61, 35, 58
61, 10001000, 74, 20, 56, 39, 61, 15, 71
64, 10001001, 74, 20, 56, 39, 61, 15, 71
31, 1000101, 74, 20, 56, 39, 61, 15
58, 1000110, 74, 20, 56, 39, 61, 15
3, 100011100, 74, 20, 56, 39, 61, 15, 55, 18
36, 100011101, 74, 20, 56, 39, 61, 15, 55, 18
13, 100011110, 74, 20, 56, 39, 61, 15, 55, 18
47, 100011111, 74, 20, 56, 39, 61, 15, 55, 18
54, 10010000, 74, 20, 56, 39, 42, 75, 17
74, 10010001, 74, 20, 56, 39, 42, 75, 17
42, 1001001, 74, 20, 56, 39, 42, 75
69, 1001010, 74, 20, 56, 39, 42, 75
84, 1001011, 74, 20, 56, 39, 42, 75
56, 10011000, 74, 20, 56, 39, 42, 41, 10
85, 10011001, 74, 20, 56, 39, 42, 41, 10
6, 1001101, 74, 20, 56, 39, 42, 41
95, 100111, 74, 20, 56, 39, 42
30, 1010, 74, 20, 56
41, 1011, 74, 20, 56
88, 11000, 74, 20, 6, 8
96, 11001, 74, 20, 6, 8
22, 1101, 74, 20, 6
81, 111000, 74, 20, 6, 64, 77
49, 11100100, 74, 20, 6, 64, 77, 66, 14
5, 111001010, 74, 20, 6, 64, 77, 66, 14, 53
14, 111001011, 74, 20, 6, 64, 77, 66, 14, 53
4, 11100110000, 74, 20, 6, 64, 77, 66, 14, 73, 70, 4
24, 11100110001, 74, 20, 6, 64, 77, 66, 14, 73, 70, 4
25, 1110011001, 74, 20, 6, 64, 77, 66, 14, 73, 70
23, 111001101, 74, 20, 6, 64, 77, 66, 14, 73
21, 111001110, 74, 20, 6, 64, 77, 66, 14, 73
7, 1110011110, 74, 20, 6, 64, 77, 66, 14, 73, 86
19, 1110011111, 74, 20, 6, 64, 77, 66, 14, 73, 86
79, 1110100, 74, 20, 6, 64, 77, 46
16, 11101010, 74, 20, 6, 64, 77, 46, 89
29, 11101011, 74, 20, 6, 64, 77, 46, 89
38, 11101100, 74, 20, 6, 64, 77, 46, 0
60, 11101101, 74, 20, 6, 64, 77, 46, 0
71, 1110111, 74, 20, 6, 64, 77, 46
9, 11110000, 74, 20, 6, 64, 44, 31, 83
35, 11110001, 74, 20, 6, 64, 44, 31, 83
43, 1111001, 74, 20, 6, 64, 44, 31
90, 1111010, 74, 20, 6, 64, 44, 31
92, 111101100, 74, 20, 6, 64, 44, 31, 87, 9
72, 111101101000, 74, 20, 6, 64, 44, 31, 87, 9, 23, 59, 60
89, 111101101001, 74, 20, 6, 64, 44, 31, 87, 9, 23, 59, 60
67, 11110110101, 74, 20, 6, 64, 44, 31, 87, 9, 23, 59
8, 111101101100, 74, 20, 6, 64, 44, 31, 87, 9, 23, 59, 37
26, 111101101101, 74, 20, 6, 64, 44, 31, 87, 9, 23, 59, 37
1, 111101101110, 74, 20, 6, 64, 44, 31, 87, 9, 23, 59, 37
2, 111101101111, 74, 20, 6, 64, 44, 31, 87, 9, 23, 59, 37
34, 111101110, 74, 20, 6, 64, 44, 31, 87, 9
57, 111101111, 74, 20, 6, 64, 44, 31, 87, 9
10, 111110, 74, 20, 6, 64, 44
11, 111111, 74, 20, 6, 64, 44
