59, 000000, 84, 56, 58, 13, 50
77, 00000100, 84, 56, 58, 13, 50, 11, 83
73, 000001010, 84, 56, 58, 13, 50, 11, 83, 51
82, 000001011, 84, 56, 58, 13, 50, 11, 83, 51
63, 0000011, 84, 56, 58, 13, 50, 11
40, 00001, 84, 56, 58, 13
61, 000100000, 84, 56, 58, 13, 67, 26, 34, 15
64, 000100001, 84, 56, 58, 13, 67, 26, 34, 15
31, 000100010, 84, 56, 58, 13, 67, 26, 34, 15
3, 0001000110, 84, 56, 58, 13, 67, 26, 34, 15, 8
47, 0001000111, 84, 56, 58, 13, 67, 26, 34, 15, 8
6, 000100100, 84, 56, 58, 13, 67, 26, 34, 54
56, 000100101, 84, 56, 58, 13, 67, 26, 34, 54
26, 000100110, 84, 56, 58, 13, 67, 26, 34, 54
13, 00010011100, 84, 56, 58, 13, 67, 26, 34, 54, 89, 68
18, 00010011101, 84, 56, 58, 13, 67, 26, 34, 54, 89, 68
36, 0001001111, 84, 56, 58, 13, 67, 26, 34, 54, 89
95, 0001010, 84, 56, 58, 13, 67, 26
54, 0001011000, 84, 56, 58, 13, 67, 26, 29, 25, 37
69, 0001011001, 84, 56, 58, 13, 67, 26, 29, 25, 37
74, 0001011010, 84, 56, 58, 13, 67, 26, 29, 25, 37
85, 0001011011, 84, 56, 58, 13, 67, 26, 29, 25, 37
84, 00010111, 84, 56, 58, 13, 67, 26, 29
100, 000110, 84, 56, 58, 13, 67
42, 0001110, 84, 56, 58, 13, 67, 93
58, 00011110, 84, 56, 58, 13, 67, 93, 64
81, 00011111, 84, 56, 58, 13, 67, 93, 64
21, 00100, 84, 56, 58, 9
96, 00101, 84, 56, 58, 9
5, 00110000, 84, 56, 58, 9, 80, 16, 43
14, 0011000100, 84, 56, 58, 9, 80, 16, 43, 66, 85
25, 0011000101, 84, 56, 58, 9, 80, 16, 43, 66, 85
4, 00110001100, 84, 56, 58, 9, 80, 16, 43, 66, 85, 98
7, 001100011010, 84, 56, 58, 9, 80, 16, 43, 66, 85, 98, 40
19, 001100011011, 84, 56, 58, 9, 80, 16, 43, 66, 85, 98, 40
24, 0011000111, 84, 56, 58, 9, 80, 16, 43, 66, 85
23, 0011001, 84, 56, 58, 9, 80, 16
49, 001101, 84, 56, 58, 9, 80
2, 0011100, 84, 56, 58, 9, 80, 47
8, 0011101, 84, 56, 58, 9, 80, 47
9, 001111, 84, 56, 58, 9, 80
10, 010000000, 84, 56, 78, 38, 42, 53, 94, 5
11, 010000001, 84, 56, 78, 38, 42, 53, 94, 5
90, 01000001, 84, 56, 78, 38, 42, 53, 94
12, 0100001, 84, 56, 78, 38, 42, 53
67, 01000100, 84, 56, 78, 38, 42, 53, 28
1, 01000101000, 84, 56, 78, 38, 42, 53, 28, 95, 71, 97
89, 01000101001, 84, 56, 78, 38, 42, 53, 28, 95, 71, 97
72, 0100010101, 84, 56, 78, 38, 42, 53, 28, 95, 71
92, 010001011, 84, 56, 78, 38, 42, 53, 28, 95
16, 01000110, 84, 56, 78, 38, 42, 53, 28
34, 01000111, 84, 56, 78, 38, 42, 53, 28
35, 01001000, 84, 56, 78, 38, 42, 90, 20
43, 01001001, 84, 56, 78, 38, 42, 90, 20
22, 01001010, 84, 56, 78, 38, 42, 90, 20
88, 01001011, 84, 56, 78, 38, 42, 90, 20
65, 010011, 84, 56, 78, 38, 42
52, 0101, 84, 56, 78
70, 011000, 84, 56, 78, 65, 75
48, 0110010, 84, 56, 78, 65, 75, 99
91, 0110011, 84, 56, 78, 65, 75, 99
78, 0110100, 84, 56, 78, 65, 75, 22
86, 0110101, 84, 56, 78, 65, 75, 22
32, 0110110, 84, 56, 78, 65, 75, 22
45, 0110111, 84, 56, 78, 65, 75, 22
38, 011100, 84, 56, 78, 65, 96
37, 01110100, 84, 56, 78, 65, 96, 0, 23
50, 01110101, 84, 56, 78, 65, 96, 0, 23
44, 01110110, 84, 56, 78, 65, 96, 0, 23
93, 01110111, 84, 56, 78, 65, 96, 0, 23
79, 0111100, 84, 56, 78, 65, 96, 92
30, 01111010, 84, 56, 78, 65, 96, 92, 27
41, 01111011, 84, 56, 78, 65, 96, 92, 27
60, 0111110000, 84, 56, 78, 65, 96, 92, 76, 55, 73
71, 0111110001, 84, 56, 78, 65, 96, 92, 76, 55, 73
29, 0111110010, 84, 56, 78, 65, 96, 92, 76, 55, 73
57, 0111110011, 84, 56, 78, 65, 96, 92, 76, 55, 73
17, 01111101, 84, 56, 78, 65, 96, 92, 76
68, 0111111, 84, 56, 78, 65, 96, 92
53, 10000, 84, 21, 63, 46
97, 10001, 84, 21, 63, 46
39, 10010, 84, 21, 63, 46
98, 10011, 84, 21, 63, 46
99, 101000, 84, 21, 63, 2, 14
27, 1010010, 84, 21, 63, 2, 14, 24
62, 1010011, 84, 21, 63, 2, 14, 24
20, 10101, 84, 21, 63, 2
15, 1011, 84, 21, 63
51, 1100, 84, 21, 6
66, 110100, 84, 21, 6, 10, 60
94, 110101, 84, 21, 6, 10, 60
46, 110110, 84, 21, 6, 10, 60
87, 110111, 84, 21, 6, 10, 60
76, 11100000, 84, 21, 6, 74, 86, 77, 57
0, 111000010, 84, 21, 6, 74, 86, 77, 57, 17
75, 111000011, 84, 21, 6, 74, 86, 77, 57, 17
55, 1110001, 84, 21, 6, 74, 86, 77
28, 111001, 84, 21, 6, 74, 86
80, 11101, 84, 21, 6, 74
33, 11110, 84, 21, 6, 74
83, 11111, 84, 21, 6, 74
