18, 00000, 73, 48, 50, 11
47, 00001, 73, 48, 50, 11
31, 0001, 73, 48, 50
34, 00100000, 73, 48, 50, 7, 33, 3, 27
57, 00100001, 73, 48, 50, 7, 33, 3, 27
16, 00100010, 73, 48, 50, 7, 33, 3, 27
29, 00100011, 73, 48, 50, 7, 33, 3, 27
86, 0010010, 73, 48, 50, 7, 33, 3
32, 00100110, 73, 48, 50, 7, 33, 3, 49
45, 00100111, 73, 48, 50, 7, 33, 3, 49
79, 0010100, 73, 48, 50, 7, 33, 84
56, 00101010, 73, 48, 50, 7, 33, 84, 94
71, 00101011, 73, 48, 50, 7, 33, 84, 94
60, 001011, 73, 48, 50, 7, 33
12, 0011, 73, 48, 50
90, 0100, 73, 48, 65
1, 0101000, 73, 48, 65, 30, 92, 2
89, 0101001, 73, 48, 65, 30, 92, 2
72, 010101, 73, 48, 65, 30, 92
92, 010110, 73, 48, 65, 30, 92
2, 01011100, 73, 48, 65, 30, 92, 43, 46
8, 01011101, 73, 48, 65, 30, 92, 43, 46
67, 0101111, 73, 48, 65, 30, 92, 43
26, 0110000, 73, 48, 65, 56, 62, 99
22, 01100010, 73, 48, 65, 56, 62, 99, 69
24, 011000110000, 73, 48, 65, 56, 62, 99, 69, 54, 57, 4, 81
4, 01100011000100, 73, 48, 65, 56, 62, 99, 69, 54, 57, 4, 81, 75, 18
14, 01100011000101, 73, 48, 65, 56, 62, 99, 69, 54, 57, 4, 81, 75, 18
5, 0110001100011, 73, 48, 65, 56, 62, 99, 69, 54, 57, 4, 81, 75
9, 011000110010, 73, 48, 65, 56, 62, 99, 69, 54, 57, 4, 81
43, 011000110011, 73, 48, 65, 56, 62, 99, 69, 54, 57, 4, 81
49, 0110001101, 73, 48, 65, 56, 62, 99, 69, 54, 57
58, 0110001110, 73, 48, 65, 56, 62, 99, 69, 54, 57
96, 01100011110, 73, 48, 65, 56, 62, 99, 69, 54, 57, 59
21, 011000111110, 73, 48, 65, 56, 62, 99, 69, 54, 57, 59, 40
23, 01100011111100, 73, 48, 65, 56, 62, 99, 69, 54, 57, 59, 40, 23, 98
25, 01100011111101, 73, 48, 65, 56, 62, 99, 69, 54, 57, 59, 40, 23, 98
7, 01100011111110, 73, 48, 65, 56, 62, 99, 69, 54, 57, 59, 40, 23, 98
19, 01100011111111, 73, 48, 65, 56, 62, 99, 69, 54, 57, 59, 40, 23, 98
81, 0110010, 73, 48, 65, 56, 62, 99
88, 01100110, 73, 48, 65, 56, 62, 99, 37
13, 011001110, 73, 48, 65, 56, 62, 99, 37, 32
35, 011001111, 73, 48, 65, 56, 62, 99, 37, 32
10, 011010, 73, 48, 65, 56, 62
11, 011011, 73, 48, 65, 56, 62
48, 011100, 73, 48, 65, 56, 88
36, 0111010, 73, 48, 65, 56, 88, 0
64, 0111011, 73, 48, 65, 56, 88, 0
85, 0111100, 73, 48, 65, 56, 88, 82
42, 011110100, 73, 48, 65, 56, 88, 82, 25, 9
74, 011110101, 73, 48, 65, 56, 88, 82, 25, 9
54, 01111011, 73, 48, 65, 56, 88, 82, 25
84, 0111110, 73, 48, 65, 56, 88, 82
69, 01111110, 73, 48, 65, 56, 88, 82, 63
3, 01111111000, 73, 48, 65, 56, 88, 82, 63, 72, 71, 44
6, 01111111001, 73, 48, 65, 56, 88, 82, 63, 72, 71, 44
95, 0111111101, 73, 48, 65, 56, 88, 82, 63, 72, 71
61, 011111111, 73, 48, 65, 56, 88, 82, 63, 72
73, 1000000, 73, 19, 53, 39, 60, 35
82, 1000001, 73, 19, 53, 39, 60, 35
77, 100001, 73, 19, 53, 39, 60
40, 100010, 73, 19, 53, 39, 60
59, 100011, 73, 19, 53, 39, 60
63, 1001, 73, 19, 53
52, 101000, 73, 19, 53, 1, 13
100, 101001, 73, 19, 53, 1, 13
37, 1010100, 73, 19, 53, 1, 13, 45
91, 1010101, 73, 19, 53, 1, 13, 45
78, 1010110, 73, 19, 53, 1, 13, 45
33, 10101110, 73, 19, 53, 1, 13, 45, 14
55, 10101111, 73, 19, 53, 1, 13, 45, 14
17, 101100, 73, 19, 53, 1, 34
93, 101101, 73, 19, 53, 1, 34
30, 101110, 73, 19, 53, 1, 34
68, 101111, 73, 19, 53, 1, 34
44, 1100, 73, 19, 5
51, 1101, 73, 19, 5
15, 1110, 73, 19, 5
38, 11110000, 73, 19, 5, 61, 41, 31, 78
70, 11110001, 73, 19, 5, 61, 41, 31, 78
46, 11110010, 73, 19, 5, 61, 41, 31, 78
80, 11110011, 73, 19, 5, 61, 41, 31, 78
53, 11110100, 73, 19, 5, 61, 41, 31, 83
28, 111101010, 73, 19, 5, 61, 41, 31, 83, 17
97, 111101011, 73, 19, 5, 61, 41, 31, 83, 17
41, 111101100, 73, 19, 5, 61, 41, 31, 83, 10
50, 111101101, 73, 19, 5, 61, 41, 31, 83, 10
83, 11110111, 73, 19, 5, 61, 41, 31, 83
27, 111110000, 73, 19, 5, 61, 41, 89, 52, 26
39, 111110001, 73, 19, 5, 61, 41, 89, 52, 26
98, 11111001, 73, 19, 5, 61, 41, 89, 52
65, 1111101, 73, 19, 5, 61, 41, 89
76, 11111100000, 73, 19, 5, 61, 41, 89, 38, 15, 80, 70
0, 111111000010, 73, 19, 5, 61, 41, 89, 38, 15, 80, 70, 47
99, 111111000011, 73, 19, 5, 61, 41, 89, 38, 15, 80, 70, 47
62, 1111110001, 73, 19, 5, 61, 41, 89, 38, 15, 80
75, 1111110010, 73, 19, 5, 61, 41, 89, 38, 15, 80
87, 1111110011, 73, 19, 5, 61, 41, 89, 38, 15, 80
20, 11111101, 73, 19, 5, 61, 41, 89, 38
66, 11111110, 73, 19, 5, 61, 41, 89, 38
94, 11111111, 73, 19, 5, 61, 41, 89, 38
