44, 000000, 82, 47, 51, 12, 43
46, 0000010, 82, 47, 51, 12, 43, 10
87, 0000011, 82, 47, 51, 12, 43, 10
28, 00001, 82, 47, 51, 12
55, 00010, 82, 47, 51, 12
93, 00011, 82, 47, 51, 12
97, 0010, 82, 47, 51
17, 001100, 82, 47, 51, 7, 72
53, 001101, 82, 47, 51, 7, 72
51, 001110, 82, 47, 51, 7, 72
66, 001111000, 82, 47, 51, 7, 72, 40, 79, 94
94, 001111001, 82, 47, 51, 7, 72, 40, 79, 94
0, 00111101, 82, 47, 51, 7, 72, 40, 79
75, 001111100, 82, 47, 51, 7, 72, 40, 79, 63
83, 001111101, 82, 47, 51, 7, 72, 40, 79, 63
76, 00111111, 82, 47, 51, 7, 72, 40, 79
52, 01000, 82, 47, 70, 27
33, 010010, 82, 47, 70, 27, 31
63, 010011000, 82, 47, 70, 27, 31, 86, 87, 59
77, 0100110010, 82, 47, 70, 27, 31, 86, 87, 59, 2
82, 0100110011, 82, 47, 70, 27, 31, 86, 87, 59, 2
59, 0100110100, 82, 47, 70, 27, 31, 86, 87, 59, 45
73, 0100110101, 82, 47, 70, 27, 31, 86, 87, 59, 45
40, 010011011, 82, 47, 70, 27, 31, 86, 87, 59
80, 0100111, 82, 47, 70, 27, 31, 86
65, 01010, 82, 47, 70, 27
68, 01011, 82, 47, 70, 27
27, 0110000, 82, 47, 70, 60, 67, 99
62, 0110001, 82, 47, 70, 60, 67, 99
20, 0110010, 82, 47, 70, 60, 67, 99
99, 0110011, 82, 47, 70, 60, 67, 99
15, 01101, 82, 47, 70, 60
39, 01110, 82, 47, 70, 60
98, 01111, 82, 47, 70, 60
90, 100000, 82, 18, 58, 37, 64
92, 100001, 82, 18, 58, 37, 64
72, 100010, 82, 18, 58, 37, 64
10, 1000110, 82, 18, 58, 37, 64, 15
11, 1000111, 82, 18, 58, 37, 64, 15
43, 100100, 82, 18, 58, 37, 41
67, 100101, 82, 18, 58, 37, 41
49, 10011000, 82, 18, 58, 37, 41, 39, 11
24, 100110010, 82, 18, 58, 37, 41, 39, 11, 22
19, 10011001100, 82, 18, 58, 37, 41, 39, 11, 22, 65, 17
21, 100110011010, 82, 18, 58, 37, 41, 39, 11, 22, 65, 17, 97
7, 1001100110110, 82, 18, 58, 37, 41, 39, 11, 22, 65, 17, 97, 38
25, 1001100110111, 82, 18, 58, 37, 41, 39, 11, 22, 65, 17, 97, 38
22, 1001100111, 82, 18, 58, 37, 41, 39, 11, 22, 65
23, 10011010, 82, 18, 58, 37, 41, 39, 11
96, 10011011, 82, 18, 58, 37, 41, 39, 11
89, 100111000, 82, 18, 58, 37, 41, 39, 88, 71
1, 10011100100, 82, 18, 58, 37, 41, 39, 88, 71, 52, 77
2, 10011100101, 82, 18, 58, 37, 41, 39, 88, 71, 52, 77
8, 1001110011, 82, 18, 58, 37, 41, 39, 88, 71, 52
9, 10011101, 82, 18, 58, 37, 41, 39, 88
5, 100111100, 82, 18, 58, 37, 41, 39, 88, 55
14, 100111101, 82, 18, 58, 37, 41, 39, 88, 55
4, 10011111, 82, 18, 58, 37, 41, 39, 88
35, 1010, 82, 18, 58
88, 10110, 82, 18, 58, 1
91, 10111, 82, 18, 58, 1
100, 1100, 82, 18, 5
71, 110100, 82, 18, 5, 9, 53
79, 110101, 82, 18, 5, 9, 53
37, 1101100, 82, 18, 5, 9, 53, 25
34, 1101101000, 82, 18, 5, 9, 53, 25, 80, 20, 74
57, 1101101001, 82, 18, 5, 9, 53, 25, 80, 20, 74
16, 1101101010, 82, 18, 5, 9, 53, 25, 80, 20, 74
29, 1101101011, 82, 18, 5, 9, 53, 25, 80, 20, 74
30, 11011011, 82, 18, 5, 9, 53, 25, 80
38, 110111000, 82, 18, 5, 9, 53, 25, 19, 33
41, 110111001, 82, 18, 5, 9, 53, 25, 19, 33
60, 11011101, 82, 18, 5, 9, 53, 25, 19
50, 1101111, 82, 18, 5, 9, 53, 25
32, 1110000, 82, 18, 5, 66, 84, 68
45, 1110001, 82, 18, 5, 66, 84, 68
78, 1110010, 82, 18, 5, 66, 84, 68
86, 1110011, 82, 18, 5, 66, 84, 68
84, 11101000, 82, 18, 5, 66, 84, 44, 90
6, 1110100100, 82, 18, 5, 66, 84, 44, 90, 8, 46
69, 1110100101, 82, 18, 5, 66, 84, 44, 90, 8, 46
13, 1110100110, 82, 18, 5, 66, 84, 44, 90, 8, 46
48, 1110100111, 82, 18, 5, 66, 84, 44, 90, 8, 46
56, 1110101, 82, 18, 5, 66, 84, 44
61, 111011000, 82, 18, 5, 66, 84, 44, 0, 16
64, 111011001, 82, 18, 5, 66, 84, 44, 0, 16
3, 1110110100, 82, 18, 5, 66, 84, 44, 0, 16, 24
47, 1110110101, 82, 18, 5, 66, 84, 44, 0, 16, 24
31, 111011011, 82, 18, 5, 66, 84, 44, 0, 16
18, 11101110, 82, 18, 5, 66, 84, 44, 0
36, 11101111, 82, 18, 5, 66, 84, 44, 0
58, 111100, 82, 18, 5, 66, 42
81, 111101, 82, 18, 5, 66, 42
42, 1111100, 82, 18, 5, 66, 42, 92
54, 1111101, 82, 18, 5, 66, 42, 92
70, 1111110, 82, 18, 5, 66, 42, 92
12, 111111100, 82, 18, 5, 66, 42, 92, 36, 6
26, 111111101, 82, 18, 5, 66, 42, 92, 36, 6
74, 1111111100, 82, 18, 5, 66, 42, 92, 36, 6, 62
85, 1111111101, 82, 18, 5, 66, 42, 92, 36, 6, 62
95, 111111111, 82, 18, 5, 66, 42, 92, 36, 6
