67, 00000, 78, 46, 48, 12
92, 00001, 78, 46, 48, 12
10, 000100, 78, 46, 48, 12, 58
11, 000101, 78, 46, 48, 12, 58
90, 00011, 78, 46, 48, 12
22, 0010000, 78, 46, 48, 6, 32, 4
88, 00100010, 78, 46, 48, 6, 32, 4, 26
96, 00100011, 78, 46, 48, 6, 32, 4, 26
35, 001001, 78, 46, 48, 6, 32
49, 00101, 78, 46, 48, 6
16, 001100, 78, 46, 48, 6, 71
29, 001101, 78, 46, 48, 6, 71
2, 001110000, 78, 46, 48, 6, 71, 39, 82, 69
8, 001110001, 78, 46, 48, 6, 71, 39, 82, 69
1, 001110010, 78, 46, 48, 6, 71, 39, 82, 69
89, 001110011, 78, 46, 48, 6, 71, 39, 82, 69
72, 0011101, 78, 46, 48, 6, 71, 39
21, 0011110, 78, 46, 48, 6, 71, 39
7, 001111100, 78, 46, 48, 6, 71, 39, 74, 63
19, 001111101, 78, 46, 48, 6, 71, 39, 74, 63
23, 00111111000, 78, 46, 48, 6, 71, 39, 74, 63, 53, 59
25, 00111111001, 78, 46, 48, 6, 71, 39, 74, 63, 53, 59
5, 001111110100, 78, 46, 48, 6, 71, 39, 74, 63, 53, 59, 51
14, 001111110101, 78, 46, 48, 6, 71, 39, 74, 63, 53, 59, 51
4, 001111110110, 78, 46, 48, 6, 71, 39, 74, 63, 53, 59, 51
24, 001111110111, 78, 46, 48, 6, 71, 39, 74, 63, 53, 59, 51
9, 0011111110, 78, 46, 48, 6, 71, 39, 74, 63, 53
43, 0011111111, 78, 46, 48, 6, 71, 39, 74, 63, 53
64, 010000, 78, 46, 68, 29, 33
3, 0100010, 78, 46, 68, 29, 33, 44
6, 0100011, 78, 46, 68, 29, 33, 44
81, 01001, 78, 46, 68, 29
36, 0101, 78, 46, 68
13, 01100, 78, 46, 68, 57
47, 01101, 78, 46, 68, 57
18, 01110, 78, 46, 68, 57
58, 01111, 78, 46, 68, 57
17, 10000, 78, 19, 54, 37
53, 10001, 78, 19, 54, 37
0, 100100, 78, 19, 54, 37, 40
76, 100101, 78, 19, 54, 37, 40
46, 10011000, 78, 19, 54, 37, 40, 38, 11
98, 10011001, 78, 19, 54, 37, 40, 38, 11
39, 1001101, 78, 19, 54, 37, 40, 38
51, 1001110, 78, 19, 54, 37, 40, 38
87, 1001111, 78, 19, 54, 37, 40, 38
65, 10100, 78, 19, 54, 2
91, 10101, 78, 19, 54, 2
28, 101100, 78, 19, 54, 2, 34
97, 101101, 78, 19, 54, 2, 34
66, 10111000, 78, 19, 54, 2, 34, 27, 3
94, 10111001, 78, 19, 54, 2, 34, 27, 3
75, 1011101, 78, 19, 54, 2, 34, 27
27, 10111100, 78, 19, 54, 2, 34, 27, 1
62, 10111101, 78, 19, 54, 2, 34, 27, 1
80, 10111110, 78, 19, 54, 2, 34, 27, 1
15, 1011111100, 78, 19, 54, 2, 34, 27, 1, 95, 99
20, 1011111101, 78, 19, 54, 2, 34, 27, 1, 95, 99
99, 101111111, 78, 19, 54, 2, 34, 27, 1, 95
12, 1100000, 78, 19, 5, 9, 16, 36
30, 1100001, 78, 19, 5, 9, 16, 36
31, 110001, 78, 19, 5, 9, 16
61, 11001, 78, 19, 5, 9
79, 110100, 78, 19, 5, 9, 49
84, 110101, 78, 19, 5, 9, 49
45, 1101100, 78, 19, 5, 9, 49, 25
69, 1101101, 78, 19, 5, 9, 49, 25
48, 110111, 78, 19, 5, 9, 49
34, 111000000, 78, 19, 5, 65, 80, 67, 47, 14
57, 111000001, 78, 19, 5, 65, 80, 67, 47, 14
26, 11100001, 78, 19, 5, 65, 80, 67, 47
100, 11100010, 78, 19, 5, 65, 80, 67, 47
55, 11100011000, 78, 19, 5, 65, 80, 67, 47, 56, 0, 90
32, 111000110010, 78, 19, 5, 65, 80, 67, 47, 56, 0, 90, 87
78, 1110001100110, 78, 19, 5, 65, 80, 67, 47, 56, 0, 90, 87, 45
86, 1110001100111, 78, 19, 5, 65, 80, 67, 47, 56, 0, 90, 87, 45
70, 1110001101, 78, 19, 5, 65, 80, 67, 47, 56, 0
83, 111000111, 78, 19, 5, 65, 80, 67, 47, 56
42, 1110010, 78, 19, 5, 65, 80, 67
54, 111001100, 78, 19, 5, 65, 80, 67, 17, 77
71, 111001101, 78, 19, 5, 65, 80, 67, 17, 77
56, 1110011100, 78, 19, 5, 65, 80, 67, 17, 77, 89
85, 1110011101, 78, 19, 5, 65, 80, 67, 17, 77, 89
44, 1110011110, 78, 19, 5, 65, 80, 67, 17, 77, 89
74, 1110011111, 78, 19, 5, 65, 80, 67, 17, 77, 89
77, 11101000, 78, 19, 5, 65, 80, 43, 92
82, 11101001, 78, 19, 5, 65, 80, 43, 92
40, 11101010, 78, 19, 5, 65, 80, 43, 92
59, 111010110, 78, 19, 5, 65, 80, 43, 92, 76
73, 111010111, 78, 19, 5, 65, 80, 43, 92, 76
63, 111011, 78, 19, 5, 65, 80
33, 1111000, 78, 19, 5, 65, 41, 30
52, 1111001, 78, 19, 5, 65, 41, 30
95, 1111010, 78, 19, 5, 65, 41, 30
60, 111101100, 78, 19, 5, 65, 41, 30, 91, 10
38, 1111011010, 78, 19, 5, 65, 41, 30, 91, 10, 21
41, 1111011011, 78, 19, 5, 65, 41, 30, 91, 10, 21
68, 11110111, 78, 19, 5, 65, 41, 30, 91
93, 111110, 78, 19, 5, 65, 41
37, 1111110, 78, 19, 5, 65, 41, 94
50, 1111111, 78, 19, 5, 65, 41, 94
