31, 00000, 77, 49, 51, 11
61, 00001, 77, 49, 51, 11
18, 0001, 77, 49, 51
3, 0010, 77, 49, 51
64, 0011, 77, 49, 51
54, 010000, 77, 49, 69, 32, 35
42, 0100010, 77, 49, 69, 32, 35, 46
74, 0100011, 77, 49, 69, 32, 35, 46
69, 0100100000, 77, 49, 69, 32, 35, 82, 17, 86, 48
84, 0100100001, 77, 49, 69, 32, 35, 82, 17, 86, 48
85, 010010001, 77, 49, 69, 32, 35, 82, 17, 86
81, 0100100100, 77, 49, 69, 32, 35, 82, 17, 86, 58
56, 01001001010, 77, 49, 69, 32, 35, 82, 17, 86, 58, 22
95, 01001001011, 77, 49, 69, 32, 35, 82, 17, 86, 58, 22
6, 010010011000, 77, 49, 69, 32, 35, 82, 17, 86, 58, 29, 18
36, 010010011001, 77, 49, 69, 32, 35, 82, 17, 86, 58, 29, 18
47, 01001001101, 77, 49, 69, 32, 35, 82, 17, 86, 58, 29
79, 0100100111, 77, 49, 69, 32, 35, 82, 17, 86, 58
13, 01001010, 77, 49, 69, 32, 35, 82, 17
48, 01001011, 77, 49, 69, 32, 35, 82, 17
38, 010011000, 77, 49, 69, 32, 35, 82, 83, 57
41, 010011001, 77, 49, 69, 32, 35, 82, 83, 57
60, 01001101, 77, 49, 69, 32, 35, 82, 83
71, 0100111, 77, 49, 69, 32, 35, 82
86, 01010, 77, 49, 69, 32
32, 010110, 77, 49, 69, 32, 92
45, 010111, 77, 49, 69, 32, 92
5, 011000000, 77, 49, 69, 59, 66, 99, 74, 63
14, 011000001, 77, 49, 69, 59, 66, 99, 74, 63
49, 01100001, 77, 49, 69, 59, 66, 99, 74
96, 0110001, 77, 49, 69, 59, 66, 99
58, 01100100, 77, 49, 69, 59, 66, 99, 37
19, 0110010100, 77, 49, 69, 59, 66, 99, 37, 71, 15
21, 0110010101, 77, 49, 69, 59, 66, 99, 37, 71, 15
24, 01100101100, 77, 49, 69, 59, 66, 99, 37, 71, 15, 70
7, 011001011010, 77, 49, 69, 59, 66, 99, 37, 71, 15, 70, 12
25, 011001011011, 77, 49, 69, 59, 66, 99, 37, 71, 15, 70, 12
23, 0110010111, 77, 49, 69, 59, 66, 99, 37, 71, 15
9, 011001100, 77, 49, 69, 59, 66, 99, 37, 34
43, 011001101, 77, 49, 69, 59, 66, 99, 37, 34
4, 011001110, 77, 49, 69, 59, 66, 99, 37, 34
22, 0110011110, 77, 49, 69, 59, 66, 99, 37, 34, 73
88, 0110011111, 77, 49, 69, 59, 66, 99, 37, 34, 73
11, 0110100, 77, 49, 69, 59, 66, 20
35, 0110101, 77, 49, 69, 59, 66, 20
67, 0110110, 77, 49, 69, 59, 66, 20
92, 01101110, 77, 49, 69, 59, 66, 20, 27
1, 011011110, 77, 49, 69, 59, 66, 20, 27, 91
72, 0110111110, 77, 49, 69, 59, 66, 20, 27, 91, 72
89, 0110111111, 77, 49, 69, 59, 66, 20, 27, 91, 72
10, 011100, 77, 49, 69, 59, 89
2, 011101000, 77, 49, 69, 59, 89, 0, 21, 42
8, 011101001, 77, 49, 69, 59, 89, 0, 21, 42
26, 01110101, 77, 49, 69, 59, 89, 0, 21
90, 0111011, 77, 49, 69, 59, 89, 0
34, 0111100, 77, 49, 69, 59, 89, 87
57, 0111101, 77, 49, 69, 59, 89, 87
16, 0111110, 77, 49, 69, 59, 89, 87
29, 0111111, 77, 49, 69, 59, 89, 87
65, 1000, 77, 19, 56
98, 1001, 77, 19, 56
27, 10100, 77, 19, 56, 3
62, 10101, 77, 19, 56, 3
66, 1011000, 77, 19, 56, 3, 36, 94
94, 1011001, 77, 19, 56, 3, 36, 94
0, 101101, 77, 19, 56, 3, 36
15, 101110, 77, 19, 56, 3, 36
20, 1011110, 77, 19, 56, 3, 36, 30
99, 1011111, 77, 19, 56, 3, 36, 30
70, 1100, 77, 19, 5
76, 110100, 77, 19, 5, 10, 54
28, 1101010, 77, 19, 5, 10, 54, 80
75, 1101011, 77, 19, 5, 10, 54, 80
80, 110110, 77, 19, 5, 10, 54
87, 110111, 77, 19, 5, 10, 54
17, 1110000, 77, 19, 5, 65, 79, 68
53, 1110001, 77, 19, 5, 65, 79, 68
37, 11100100, 77, 19, 5, 65, 79, 68, 14
50, 11100101, 77, 19, 5, 65, 79, 68, 14
33, 1110011, 77, 19, 5, 65, 79, 68
30, 11101000, 77, 19, 5, 65, 79, 44, 88
68, 11101001, 77, 19, 5, 65, 79, 44, 88
52, 1110101, 77, 19, 5, 65, 79, 44
93, 111011, 77, 19, 5, 65, 79
39, 1111000, 77, 19, 5, 65, 41, 33
44, 111100100, 77, 19, 5, 65, 41, 33, 85, 93
83, 111100101, 77, 19, 5, 65, 41, 33, 85, 93
51, 11110011, 77, 19, 5, 65, 41, 33, 85
46, 111101, 77, 19, 5, 65, 41
97, 111110, 77, 19, 5, 65, 41
91, 1111110, 77, 19, 5, 65, 41, 90
78, 11111110, 77, 19, 5, 65, 41, 90, 38
100, 111111110, 77, 19, 5, 65, 41, 90, 38, 6
59, 11111111100000, 77, 19, 5, 65, 41, 90, 38, 6, 62, 81, 9, 61, 25
73, 11111111100001, 77, 19, 5, 65, 41, 90, 38, 6, 62, 81, 9, 61, 25
77, 11111111100010, 77, 19, 5, 65, 41, 90, 38, 6, 62, 81, 9, 61, 25
82, 11111111100011, 77, 19, 5, 65, 41, 90, 38, 6, 62, 81, 9, 61, 25
63, 111111111001, 77, 19, 5, 65, 41, 90, 38, 6, 62, 81, 9
40, 11111111101, 77, 19, 5, 65, 41, 90, 38, 6, 62, 81
12, 11111111110, 77, 19, 5, 65, 41, 90, 38, 6, 62, 81
55, 11111111111, 77, 19, 5, 65, 41, 90, 38, 6, 62, 81
