76, 0000, 78, 45, 47
28, 0001000, 78, 45, 47, 11, 58, 20
97, 0001001, 78, 45, 47, 11, 58, 20
55, 0001010, 78, 45, 47, 11, 58, 20
75, 0001011, 78, 45, 47, 11, 58, 20
39, 00011, 78, 45, 47, 11
98, 0010, 78, 45, 47
46, 00110, 78, 45, 47, 8
51, 00111, 78, 45, 47, 8
0, 0100000, 78, 45, 68, 31, 33, 44
99, 0100001, 78, 45, 68, 31, 33, 44
20, 010001, 78, 45, 68, 31, 33
80, 01001, 78, 45, 68, 31
15, 010100, 78, 45, 68, 31, 98
27, 0101010, 78, 45, 68, 31, 98, 3
62, 0101011, 78, 45, 68, 31, 98, 3
53, 01011, 78, 45, 68, 31
66, 01100, 78, 45, 68, 57
94, 01101, 78, 45, 68, 57
87, 0111, 78, 45, 68
65, 1000, 78, 19, 54
79, 100100, 78, 19, 54, 38, 40
30, 1001010, 78, 19, 54, 38, 40, 79
68, 1001011, 78, 19, 54, 38, 40, 79
91, 10011, 78, 19, 54, 38
16, 10100, 78, 19, 54, 2
29, 10101, 78, 19, 54, 2
34, 10110, 78, 19, 54, 2
57, 10111, 78, 19, 54, 2
67, 110000, 78, 19, 6, 9, 14
72, 110001, 78, 19, 6, 9, 14
1, 1100100, 78, 19, 6, 9, 14, 43
89, 1100101, 78, 19, 6, 9, 14, 43
2, 1100110, 78, 19, 6, 9, 14, 43
8, 1100111, 78, 19, 6, 9, 14, 43
10, 11010, 78, 19, 6, 9
11, 1101100, 78, 19, 6, 9, 50, 29
92, 1101101, 78, 19, 6, 9, 50, 29
90, 110111, 78, 19, 6, 9, 50
5, 11100000, 78, 19, 6, 65, 80, 67, 46
58, 11100001, 78, 19, 6, 65, 80, 67, 46
9, 11100010000, 78, 19, 6, 65, 80, 67, 46, 56, 69, 61
43, 11100010001, 78, 19, 6, 65, 80, 67, 46, 56, 69, 61
22, 1110001001, 78, 19, 6, 65, 80, 67, 46, 56, 69
35, 1110001010, 78, 19, 6, 65, 80, 67, 46, 56, 69
88, 1110001011, 78, 19, 6, 65, 80, 67, 46, 56, 69
7, 1110001100000, 78, 19, 6, 65, 80, 67, 46, 56, 0, 91, 86, 99
19, 1110001100001, 78, 19, 6, 65, 80, 67, 46, 56, 0, 91, 86, 99
21, 111000110001, 78, 19, 6, 65, 80, 67, 46, 56, 0, 91, 86
96, 11100011001, 78, 19, 6, 65, 80, 67, 46, 56, 0, 91
23, 111000110100, 78, 19, 6, 65, 80, 67, 46, 56, 0, 91, 60
14, 1110001101010, 78, 19, 6, 65, 80, 67, 46, 56, 0, 91, 60, 51
25, 1110001101011, 78, 19, 6, 65, 80, 67, 46, 56, 0, 91, 60, 51
49, 111000110110, 78, 19, 6, 65, 80, 67, 46, 56, 0, 91, 60
4, 1110001101110, 78, 19, 6, 65, 80, 67, 46, 56, 0, 91, 60, 27
24, 1110001101111, 78, 19, 6, 65, 80, 67, 46, 56, 0, 91, 60, 27
100, 111000111, 78, 19, 6, 65, 80, 67, 46, 56
54, 1110010000, 78, 19, 6, 65, 80, 67, 16, 48, 37
71, 1110010001, 78, 19, 6, 65, 80, 67, 16, 48, 37
26, 111001001, 78, 19, 6, 65, 80, 67, 16, 48
93, 111001010, 78, 19, 6, 65, 80, 67, 16, 48
95, 111001011, 78, 19, 6, 65, 80, 67, 16, 48
33, 11100110, 78, 19, 6, 65, 80, 67, 16
81, 11100111, 78, 19, 6, 65, 80, 67, 16
40, 1110100, 78, 19, 6, 65, 80, 42
59, 111010100, 78, 19, 6, 65, 80, 42, 95, 76
73, 111010101, 78, 19, 6, 65, 80, 42, 95, 76
77, 1110101100, 78, 19, 6, 65, 80, 42, 95, 76, 62
82, 1110101101, 78, 19, 6, 65, 80, 42, 95, 76, 62
63, 111010111, 78, 19, 6, 65, 80, 42, 95, 76
74, 111011000, 78, 19, 6, 65, 80, 42, 1, 17
85, 111011001, 78, 19, 6, 65, 80, 42, 1, 17
56, 111011010, 78, 19, 6, 65, 80, 42, 1, 17
42, 1110110110, 78, 19, 6, 65, 80, 42, 1, 17, 28
64, 1110110111000, 78, 19, 6, 65, 80, 42, 1, 17, 28, 24, 55, 89
31, 11101101110010, 78, 19, 6, 65, 80, 42, 1, 17, 28, 24, 55, 89, 90
61, 11101101110011, 78, 19, 6, 65, 80, 42, 1, 17, 28, 24, 55, 89, 90
3, 11101101110100, 78, 19, 6, 65, 80, 42, 1, 17, 28, 24, 55, 89, 5
6, 11101101110101, 78, 19, 6, 65, 80, 42, 1, 17, 28, 24, 55, 89, 5
36, 1110110111011, 78, 19, 6, 65, 80, 42, 1, 17, 28, 24, 55, 89
18, 1110110111100, 78, 19, 6, 65, 80, 42, 1, 17, 28, 24, 55, 21
13, 11101101111010, 78, 19, 6, 65, 80, 42, 1, 17, 28, 24, 55, 21, 63
47, 11101101111011, 78, 19, 6, 65, 80, 42, 1, 17, 28, 24, 55, 21, 63
69, 1110110111110, 78, 19, 6, 65, 80, 42, 1, 17, 28, 24, 55, 21
84, 1110110111111, 78, 19, 6, 65, 80, 42, 1, 17, 28, 24, 55, 21
12, 1110111, 78, 19, 6, 65, 80, 42
44, 1111000, 78, 19, 6, 65, 41, 32
83, 1111001, 78, 19, 6, 65, 41, 32
70, 1111010, 78, 19, 6, 65, 41, 32
32, 111101100, 78, 19, 6, 65, 41, 32, 92, 10
45, 111101101, 78, 19, 6, 65, 41, 32, 92, 10
78, 111101110, 78, 19, 6, 65, 41, 32, 92, 10
86, 111101111, 78, 19, 6, 65, 41, 32, 92, 10
41, 1111100, 78, 19, 6, 65, 41, 96
52, 1111101, 78, 19, 6, 65, 41, 96
38, 1111110000, 78, 19, 6, 65, 41, 96, 35, 15, 85
60, 1111110001, 78, 19, 6, 65, 41, 96, 35, 15, 85
17, 111111001, 78, 19, 6, 65, 41, 96, 35, 15
48, 11111101, 78, 19, 6, 65, 41, 96, 35
37, 11111110, 78, 19, 6, 65, 41, 96, 35
50, 11111111, 78, 19, 6, 65, 41, 96, 35
