37, 0000, 78, 50, 51
93, 000100, 78, 50, 51, 13, 57
95, 000101, 78, 50, 51, 13, 57
74, 00011, 78, 50, 51, 13
68, 001, 78, 50
34, 01000000, 78, 50, 68, 29, 30, 42, 90
57, 01000001, 78, 50, 68, 29, 30, 42, 90
30, 0100001, 78, 50, 68, 29, 30, 42
61, 0100010, 78, 50, 68, 29, 30, 42
84, 0100011, 78, 50, 68, 29, 30, 42
41, 010010, 78, 50, 68, 29, 30
54, 010011, 78, 50, 68, 29, 30
56, 010100, 78, 50, 68, 29, 98
45, 0101010, 78, 50, 68, 29, 98, 4
31, 010101100, 78, 50, 68, 29, 98, 4, 35, 79
64, 010101101, 78, 50, 68, 29, 98, 4, 35, 79
36, 010101110, 78, 50, 68, 29, 98, 4, 35, 79
69, 0101011110, 78, 50, 68, 29, 98, 4, 35, 79, 8
3, 01010111110, 78, 50, 68, 29, 98, 4, 35, 79, 8, 46
6, 01010111111, 78, 50, 68, 29, 98, 4, 35, 79, 8, 46
63, 01011000, 78, 50, 68, 29, 98, 40, 23
77, 010110010, 78, 50, 68, 29, 98, 40, 23, 87
73, 0101100110, 78, 50, 68, 29, 98, 40, 23, 87, 93
82, 0101100111, 78, 50, 68, 29, 98, 40, 23, 87, 93
40, 01011010, 78, 50, 68, 29, 98, 40, 23
59, 01011011, 78, 50, 68, 29, 98, 40, 23
58, 010111000, 78, 50, 68, 29, 98, 40, 47, 94
81, 010111001, 78, 50, 68, 29, 98, 40, 47, 94
26, 010111010, 78, 50, 68, 29, 98, 40, 47, 94
42, 0101110110, 78, 50, 68, 29, 98, 40, 47, 94, 25
85, 0101110111, 78, 50, 68, 29, 98, 40, 47, 94, 25
78, 010111100, 78, 50, 68, 29, 98, 40, 47, 91
86, 010111101, 78, 50, 68, 29, 98, 40, 47, 91
12, 01011111, 78, 50, 68, 29, 98, 40, 47
90, 01100, 78, 50, 68, 56
50, 011010000, 78, 50, 68, 56, 65, 18, 52, 69
60, 011010001, 78, 50, 68, 56, 65, 18, 52, 69
10, 0110100100, 78, 50, 68, 56, 65, 18, 52, 69, 12
11, 0110100101, 78, 50, 68, 56, 65, 18, 52, 69, 12
71, 0110100110, 78, 50, 68, 56, 65, 18, 52, 69, 12
79, 0110100111, 78, 50, 68, 56, 65, 18, 52, 69, 12
16, 0110101000, 78, 50, 68, 56, 65, 18, 52, 61, 73
29, 0110101001, 78, 50, 68, 56, 65, 18, 52, 61, 73
38, 011010101, 78, 50, 68, 56, 65, 18, 52, 61
32, 011010110, 78, 50, 68, 56, 65, 18, 52, 61
100, 011010111, 78, 50, 68, 56, 65, 18, 52, 61
18, 011011000, 78, 50, 68, 56, 65, 18, 26, 96
13, 0110110010, 78, 50, 68, 56, 65, 18, 26, 96, 58
47, 0110110011, 78, 50, 68, 56, 65, 18, 26, 96, 58
35, 01101101, 78, 50, 68, 56, 65, 18, 26
48, 01101110, 78, 50, 68, 56, 65, 18, 26
70, 01101111, 78, 50, 68, 56, 65, 18, 26
21, 0111000, 78, 50, 68, 56, 95, 0
22, 0111001, 78, 50, 68, 56, 95, 0
88, 0111010, 78, 50, 68, 56, 95, 0
91, 0111011, 78, 50, 68, 56, 95, 0
23, 011110000, 78, 50, 68, 56, 95, 89, 22, 27
24, 011110001, 78, 50, 68, 56, 95, 89, 22, 27
49, 011110010, 78, 50, 68, 56, 95, 89, 22, 27
14, 0111100110, 78, 50, 68, 56, 95, 89, 22, 27, 37
19, 0111100111, 78, 50, 68, 56, 95, 89, 22, 27, 37
96, 0111101, 78, 50, 68, 56, 95, 89
4, 0111110000, 78, 50, 68, 56, 95, 89, 66, 48, 62
7, 0111110001, 78, 50, 68, 56, 95, 89, 66, 48, 62
25, 011111001, 78, 50, 68, 56, 95, 89, 66, 48
5, 01111101, 78, 50, 68, 56, 95, 89, 66
1, 01111110000, 78, 50, 68, 56, 95, 89, 66, 75, 1, 80
9, 011111100010, 78, 50, 68, 56, 95, 89, 66, 75, 1, 80, 77
2, 0111111000110, 78, 50, 68, 56, 95, 89, 66, 75, 1, 80, 77, 84
8, 0111111000111, 78, 50, 68, 56, 95, 89, 66, 75, 1, 80, 77, 84
92, 0111111001, 78, 50, 68, 56, 95, 89, 66, 75, 1
72, 0111111010, 78, 50, 68, 56, 95, 89, 66, 75, 1
89, 0111111011, 78, 50, 68, 56, 95, 89, 66, 75, 1
43, 011111110, 78, 50, 68, 56, 95, 89, 66, 75
67, 011111111, 78, 50, 68, 56, 95, 89, 66, 75
27, 1000, 78, 17, 55
62, 1001, 78, 17, 55
46, 10100000, 78, 17, 55, 2, 14, 20, 43
0, 101000010, 78, 17, 55, 2, 14, 20, 43, 41
87, 101000011, 78, 17, 55, 2, 14, 20, 43, 41
66, 10100010, 78, 17, 55, 2, 14, 20, 43
94, 10100011, 78, 17, 55, 2, 14, 20, 43
20, 1010010000, 78, 17, 55, 2, 14, 20, 71, 11, 85
99, 1010010001, 78, 17, 55, 2, 14, 20, 71, 11, 85
15, 101001001, 78, 17, 55, 2, 14, 20, 71, 11
97, 10100101, 78, 17, 55, 2, 14, 20, 71
39, 10100110, 78, 17, 55, 2, 14, 20, 71
98, 10100111, 78, 17, 55, 2, 14, 20, 71
17, 101010, 78, 17, 55, 2, 14
53, 101011, 78, 17, 55, 2, 14
65, 1011, 78, 17, 55
52, 11000, 78, 17, 7, 10
75, 11001000, 78, 17, 7, 10, 16, 39, 88
76, 11001001, 78, 17, 7, 10, 16, 39, 88
51, 1100101, 78, 17, 7, 10, 16, 39
80, 110011, 78, 17, 7, 10, 16
44, 11010, 78, 17, 7, 10
83, 11011, 78, 17, 7, 10
33, 11100, 78, 17, 7, 64
55, 11101, 78, 17, 7, 64
28, 1111, 78, 17, 7
