100, 0000, 75, 46, 50
58, 000100, 75, 46, 50, 9, 59
81, 000101, 75, 46, 50, 9, 59
49, 000110, 75, 46, 50, 9, 59
88, 00011100, 75, 46, 50, 9, 59, 82, 55
96, 00011101, 75, 46, 50, 9, 59, 82, 55
7, 0001111000, 75, 46, 50, 9, 59, 82, 55, 22, 26
21, 0001111001, 75, 46, 50, 9, 59, 82, 55, 22, 26
19, 000111101, 75, 46, 50, 9, 59, 82, 55, 22
22, 000111110, 75, 46, 50, 9, 59, 82, 55, 22
5, 00011111100, 75, 46, 50, 9, 59, 82, 55, 22, 17, 15
23, 000111111010, 75, 46, 50, 9, 59, 82, 55, 22, 17, 15, 61
14, 0001111110110, 75, 46, 50, 9, 59, 82, 55, 22, 17, 15, 61, 83
25, 0001111110111, 75, 46, 50, 9, 59, 82, 55, 22, 17, 15, 61, 83
4, 00011111110, 75, 46, 50, 9, 59, 82, 55, 22, 17, 15
24, 00011111111, 75, 46, 50, 9, 59, 82, 55, 22, 17, 15
91, 001000, 75, 46, 50, 6, 27
29, 00100100, 75, 46, 50, 6, 27, 3, 47
68, 00100101, 75, 46, 50, 6, 27, 3, 47
79, 0010011, 75, 46, 50, 6, 27, 3
38, 00101000, 75, 46, 50, 6, 27, 87, 96
41, 00101001, 75, 46, 50, 6, 27, 87, 96
30, 00101010, 75, 46, 50, 6, 27, 87, 96
60, 00101011, 75, 46, 50, 6, 27, 87, 96
57, 001011, 75, 46, 50, 6, 27
26, 00110000, 75, 46, 50, 6, 70, 10, 30
93, 001100010, 75, 46, 50, 6, 70, 10, 30, 57
95, 001100011, 75, 46, 50, 6, 70, 10, 30, 57
42, 0011001, 75, 46, 50, 6, 70, 10
84, 0011010, 75, 46, 50, 6, 70, 10
69, 001101100, 75, 46, 50, 6, 70, 10, 39, 4
54, 0011011010, 75, 46, 50, 6, 70, 10, 39, 4, 28
71, 0011011011, 75, 46, 50, 6, 70, 10, 39, 4, 28
56, 0011011100, 75, 46, 50, 6, 70, 10, 39, 4, 58
85, 0011011101, 75, 46, 50, 6, 70, 10, 39, 4, 58
74, 001101111, 75, 46, 50, 6, 70, 10, 39, 4
6, 0011100, 75, 46, 50, 6, 70, 37
36, 0011101, 75, 46, 50, 6, 70, 37
3, 001111000, 75, 46, 50, 6, 70, 37, 73, 92
64, 001111001, 75, 46, 50, 6, 70, 37, 73, 92
31, 001111010, 75, 46, 50, 6, 70, 37, 73, 92
61, 001111011, 75, 46, 50, 6, 70, 37, 73, 92
13, 001111100, 75, 46, 50, 6, 70, 37, 73, 63
47, 001111101, 75, 46, 50, 6, 70, 37, 73, 63
18, 00111111, 75, 46, 50, 6, 70, 37, 73
90, 010000, 75, 46, 69, 24, 29
12, 01000100, 75, 46, 69, 24, 29, 42, 18
10, 010001010, 75, 46, 69, 24, 29, 42, 18, 84
11, 010001011, 75, 46, 69, 24, 29, 42, 18, 84
92, 0100011, 75, 46, 69, 24, 29, 42
48, 0100100, 75, 46, 69, 24, 29, 78
70, 0100101, 75, 46, 69, 24, 29, 78
35, 010011, 75, 46, 69, 24, 29
43, 010100, 75, 46, 69, 24, 93
67, 010101, 75, 46, 69, 24, 93
89, 010110, 75, 46, 69, 24, 93
1, 0101110, 75, 46, 69, 24, 93, 41
72, 010111100, 75, 46, 69, 24, 93, 41, 43, 85
2, 0101111010, 75, 46, 69, 24, 93, 41, 43, 85, 45
8, 0101111011, 75, 46, 69, 24, 93, 41, 43, 85, 45
9, 01011111, 75, 46, 69, 24, 93, 41, 43
16, 01100, 75, 46, 69, 56
34, 01101, 75, 46, 69, 56
78, 011100, 75, 46, 69, 56, 89
86, 011101, 75, 46, 69, 56, 89
32, 011110, 75, 46, 69, 56, 89
45, 011111, 75, 46, 69, 56, 89
66, 100000, 75, 14, 53, 36, 64
94, 100001, 75, 14, 53, 36, 64
87, 10001, 75, 14, 53, 36
51, 1001, 75, 14, 53
44, 1010, 75, 14, 53
75, 1011, 75, 14, 53
39, 110000, 75, 14, 5, 7, 11
52, 110001, 75, 14, 5, 7, 11
55, 1100100, 75, 14, 5, 7, 11, 40
83, 1100101, 75, 14, 5, 7, 11, 40
77, 1100110000, 75, 14, 5, 7, 11, 40, 19, 44, 48
73, 11001100010, 75, 14, 5, 7, 11, 40, 19, 44, 48, 68
82, 11001100011, 75, 14, 5, 7, 11, 40, 19, 44, 48, 68
63, 110011001, 75, 14, 5, 7, 11, 40, 19, 44
40, 110011010, 75, 14, 5, 7, 11, 40, 19, 44
59, 110011011, 75, 14, 5, 7, 11, 40, 19, 44
46, 11001110, 75, 14, 5, 7, 11, 40, 19
98, 11001111, 75, 14, 5, 7, 11, 40, 19
28, 11010, 75, 14, 5, 7
17, 1101100, 75, 14, 5, 7, 52, 23
53, 1101101, 75, 14, 5, 7, 52, 23
37, 110111, 75, 14, 5, 7, 52
65, 1110, 75, 14, 5
80, 1111000, 75, 14, 5, 66, 38, 25
15, 111100100, 75, 14, 5, 66, 38, 25, 79, 95
20, 111100101, 75, 14, 5, 66, 38, 25, 79, 95
76, 11110011, 75, 14, 5, 66, 38, 25, 79
97, 11110100, 75, 14, 5, 66, 38, 25, 86
0, 111101010, 75, 14, 5, 66, 38, 25, 86, 13
99, 111101011, 75, 14, 5, 66, 38, 25, 86, 13
27, 11110110, 75, 14, 5, 66, 38, 25, 86
62, 11110111, 75, 14, 5, 66, 38, 25, 86
33, 111110, 75, 14, 5, 66, 38
50, 111111, 75, 14, 5, 66, 38
